929833107 205454671 195615195
623773079 962845903 665334608
928342465 986077739 901652999
957964384 93024161 38081922
771467060 468785719 201491931
867165014 67367933 58920658
870129879 214085017 13664264
201735409 860085257 620997197
928953210 693855401 57887960
147134525 727271579 229488195
517846705 289947709 222196264
640141964 913107409 361077181
996173368 983858387 39713118
665605836 331951463 221790152
93258820 11840429 5265912
337701967 27638183 12003790
429760943 751479497 233852131
466958461 49527077 37726026
973651908 999937481 120770523
69524950 898541869 629901398
71750717 810259349 24963680
466540702 61612997 36351925
355203336 125350549 35315391
328668352 892794073 252615622
797541730 464254121 55874602
292279690 414899747 49137118
657355582 576418727 33866425
15071291 494351849 355193156
499009223 698374387 270124090
8787114 702806539 419340799
12899933 652101539 152791421
765193381 21226423 10988620
3004589 328899853 241111878
737641885 47973421 33342998
26315311 763788089 548292466
830280527 129147973 36204918
635624021 164883479 66427329
186495363 767780701 599229725
470253741 577885807 203965885
336071813 514023119 494957415
0 0 0
