134323591 931795370 382543151
359795803 863782625 86358172
920010569 997585374 29591437
186741740 183656293 21363443
130421643 316151351 96820444
787033755 572344108 541820421
387030549 914275532 220301913
25584468 355753927 112178618
103045043 314513487 49867106
656205898 64022496 36612927
27098245 633810670 415037555
369455152 898258974 435194470
179911806 763490506 484931947
592309645 539046123 114962824
122086576 592606098 234284536
987569469 303616374 301160499
670085888 462816242 116045714
606277732 612487885 363302947
97475822 695855204 85366355
511327442 462436725 301856896
46202108 223282199 166229078
695980537 719988322 638514982
53402477 472433529 421572145
33310135 545617828 523066377
805843437 590290713 351433565
409756390 359480759 115542813
151214782 800738402 77750100
378198773 182890950 69117016
361473819 114566907 108080132
692904595 413099992 170320763
42816867 460994618 282050602
329794721 227577635 61939150
479480490 579061110 265427430
66366841 696054172 321263669
561469026 633190584 456886080
583354290 671435483 334038556
607060390 358533763 888656
269224574 7060864 4929664
956975317 933842492 308373561
266669770 105014581 97441816
17340697 573056494 511284906
528975672 124027499 28168228
935839352 109440230 88528647
418907663 582239216 452334319
955013653 918002665 518794475
959927115 691569028 7476145
904941880 12846234 10008255
281474032 810750350 307009824
132337865 168346775 45328625
696511150 402064130 300682170
374039498 211450908 14605167
116713730 852437932 295249455
485414544 786589341 495287198
524181247 7596538 3152324
368436018 104935194 50109102
187193026 183464014 138375364
476835580 422362293 169846462
983207891 15445807 5571164
617728855 198213436 34540925
21896562 486685230 482894058
369854447 869905978 34103077
339976713 416060134 315134764
76621462 79759413 60103669
486793438 393534474 187461916
14279329 91636412 21240549
579798549 664393137 76300238
208068682 856032981 407402854
974746677 66101501 64449623
209796026 22395020 11504536
47799632 821282882 544119850
256967271 3389718 2362479
674868435 171157444 125935907
840544346 56682064 37696928
217386572 2209847 1765598
51211776 904023338 824342798
531524626 654038805 152608321
414715436 344252304 16644032
918935586 39686130 26908686
631185116 731864466 429321664
893956126 53237998 34885386
897646711 901878854 689479935
770913474 170878816 146157248
65585158 513321000 478005832
56982464 720817888 257487999
956546092 975605998 511096960
402518989 878885065 852344606
986837555 100806692 56806050
83884829 836336662 832129711
211621414 470584584 281471151
806301479 626817890 561672991
374110536 755838544 26461936
168458549 686616245 473706149
589861832 853148167 705230017
411424595 692608597 505022585
458335993 999463980 918457633
61193135 298544413 12243998
85196056 369088603 327855371
403720946 850698718 301275299
582303861 957135896 638358140
668111247 486030339 356542434
0 0 0
