1000 50
136 135 39
918 302 8275
916 833 2566
404 403 975
554 553 5039
885 884 461
944 711 832
716 715 2243
577 576 535
880 879 5883
715 714 2608
185 184 1590
286 285 863
360 359 2644
767 766 3378
788 787 5287
785 784 4715
953 927 2762
145 144 786
673 672 2397
980 273 193
176 175 1654
266 265 2548
536 535 855
639 638 584
198 197 1608
162 161 1032
150 149 264
858 857 5049
352 351 2053
326 325 1028
12 11 8
750 749 4332
240 239 1553
328 327 1779
447 446 2815
108 107 453
990 918 6133
590 589 2137
997 234 2700
288 287 2400
892 891 8329
906 110 4124
494 493 12
412 411 2046
660 659 354
282 281 2288
199 198 1460
340 339 3204
999 331 1121
204 203 1874
826 825 6372
68 67 159
855 854 7234
779 778 5953
315 314 2960
246 245 122
519 518 2865
95 94 910
636 635 4119
729 728 6684
797 796 4739
911 313 1558
541 540 3786
811 810 50
220 219 987
285 284 1866
661 660 339
474 473 1314
345 344 3149
948 529 2129
629 628 5476
342 341 2210
522 521 1236
967 15 9430
870 869 8462
902 339 2806
506 505 388
129 128 1056
399 398 1829
297 296 1199
789 788 7307
857 856 4623
533 532 3552
578 577 1099
439 438 2110
222 221 900
214 213 807
701 700 2027
2 1 9
542 541 4800
664 663 6201
972 355 326
45 44 151
662 661 6205
4 3 18
503 502 4846
756 755 2528
465 464 879
605 604 1265
48 47 216
17 16 63
553 552 5375
766 765 5501
442 441 3580
374 373 1290
819 818 7716
167 166 669
339 338 983
964 224 3434
752 751 6554
224 223 1969
43 42 310
780 779 7007
611 610 2272
894 893 4816
596 595 4301
251 250 103
625 624 1369
127 126 1211
883 882 5981
736 735 6838
700 699 1814
81 80 525
950 369 6483
123 122 778
526 525 1755
714 713 6157
187 186 1365
680 679 4284
509 508 3546
861 860 2072
76 75 700
638 637 2808
440 439 836
180 179 1179
245 244 976
670 669 2298
721 720 3983
644 643 3007
332 331 495
520 519 2616
203 202 1279
293 292 2620
235 234 2321
55 54 527
763 762 3152
971 181 3173
46 45 228
132 131 249
208 207 1762
665 664 2254
816 815 5284
18 17 31
310 309 696
808 807 2851
637 636 2335
405 404 295
735 734 6087
146 145 1179
864 863 265
313 312 987
378 377 2574
961 839 4537
173 172 103
302 301 1100
349 348 3031
913 632 1337
886 885 4947
131 130 30
969 609 3403
445 444 1771
273 272 2456
395 394 3181
171 170 759
743 742 3339
562 561 4575
149 148 1187
827 826 7897
849 848 6625
505 504 2252
806 805 6256
197 196 157
866 865 5819
106 105 428
938 74 2375
889 888 2380
260 259 721
778 777 5516
904 482 3474
50 49 481
11 10 95
502 501 3523
416 415 3559
373 372 132
71 70 182
112 111 552
937 718 7080
295 294 1125
815 814 6224
202 201 1927
281 280 2598
513 512 5015
751 750 2432
233 232 1864
385 384 2059
893 892 4462
951 619 830
103 102 561
78 77 679
803 802 3096
113 112 301
344 343 1012
873 872 3656
606 605 2484
135 134 630
230 229 1640
134 133 162
981 21 8089
805 804 3473
593 592 5070
689 688 4581
188 187 797
294 293 133
869 868 890
800 799 2823
303 302 93
565 564 3890
23 22 144
358 357 2518
585 584 3274
994 181 1545
59 58 499
423 422 1941
688 687 3494
133 132 759
158 157 343
620 619 6002
878 877 8370
337 336 1875
968 295 8745
732 731 5893
29 28 188
249 248 1553
658 657 3101
272 271 1505
6 5 13
682 681 240
679 678 3077
923 793 3261
456 455 2093
730 729 4859
444 443 1790
450 449 1968
821 820 2230
856 855 1048
835 834 4593
703 702 5778
200 199 1523
909 26 3582
308 307 390
623 622 5226
212 211 355
853 852 6424
511 510 2656
674 673 4172
717 716 1640
79 78 212
420 419 4190
770 769 4231
491 490 1505
796 795 3005
443 442 1010
531 530 3256
991 92 2158
379 378 411
311 310 140
153 152 365
478 477 2416
62 61 379
277 276 2531
927 599 7710
604 603 3446
928 374 993
463 462 2979
499 498 9
790 789 5088
259 258 459
619 618 1344
110 109 67
523 522 4361
389 388 1417
248 247 2014
832 831 5975
946 607 3321
305 304 1528
279 278 785
8 7 64
829 828 8006
177 176 653
648 647 5808
564 563 276
993 270 2347
852 851 6068
206 205 774
47 46 224
83 82 458
488 487 3933
924 243 8386
140 139 375
51 50 341
740 739 3226
551 550 3326
424 423 2667
209 208 50
582 581 4257
655 654 2879
26 25 227
205 204 237
824 823 4033
957 474 5566
654 653 5718
441 440 851
75 74 594
452 451 3682
784 783 5795
120 119 1144
786 785 1201
485 484 4543
489 488 562
69 68 175
792 791 435
386 385 756
697 696 3070
776 775 7595
656 655 2535
168 167 910
128 127 152
179 178 492
19 18 43
298 297 1715
350 349 443
425 424 4221
841 840 3399
151 150 424
234 233 1119
166 165 781
591 590 4022
787 786 6889
907 330 4593
356 355 1656
548 547 597
91 90 32
851 850 4882
354 353 292
377 376 3087
720 719 3576
663 662 5090
139 138 269
627 626 2472
992 765 1609
147 146 675
477 476 921
469 468 1252
555 554 205
27 26 184
143 142 4
258 257 280
677 676 6168
461 460 4372
549 548 1952
466 465 3241
865 864 30
470 469 1996
651 650 4326
595 594 746
307 306 1910
384 383 3606
247 246 1923
264 263 2326
336 335 3226
169 168 1286
955 629 4930
600 599 379
304 303 2267
82 81 418
978 186 3798
974 809 443
561 560 3340
650 649 5315
683 682 5928
33 32 117
236 235 1242
284 283 2415
56 55 242
631 630 737
468 467 3656
772 771 775
799 798 7978
570 569 1650
850 849 6163
409 408 8
41 40 41
843 842 3575
232 231 2066
73 72 403
22 21 112
263 262 2070
891 890 3832
748 747 3910
301 300 2330
699 698 4809
508 507 3674
931 417 421
504 503 1837
329 328 1041
742 741 279
739 738 4825
195 194 168
32 31 182
512 511 2031
21 20 34
172 171 1373
738 737 5431
576 575 419
410 409 971
610 609 5251
579 578 2484
986 137 4627
228 227 73
211 210 1563
912 781 1846
86 85 489
706 705 6619
882 881 3665
521 520 1072
762 761 4774
847 846 5510
935 64 7873
943 473 5111
765 764 2716
727 726 2721
341 340 100
775 774 6091
804 803 107
393 392 890
255 254 1031
238 237 576
746 745 6369
124 123 1162
392 391 3312
887 886 8176
929 881 1117
810 809 6379
640 639 4548
10 9 74
359 358 3248
88 87 370
624 623 6193
617 616 682
589 588 1210
338 337 31
34 33 20
335 334 3000
757 756 5657
14 13 20
253 252 980
954 353 1685
387 386 818
186 185 1046
244 243 1051
926 192 2769
5 4 4
546 545 4830
634 633 3281
121 120 1179
61 60 38
267 266 699
402 401 3904
148 147 312
594 593 2841
791 790 367
903 629 7430
672 671 1181
361 360 503
613 612 4928
793 792 4328
753 752 5427
905 794 1428
649 648 407
863 862 177
802 801 5820
868 867 5917
227 226 1596
922 78 449
309 308 2884
262 261 921
49 48 233
371 370 331
89 88 727
390 389 2854
684 683 285
708 707 5269
438 437 3243
709 708 3439
995 488 8721
896 895 6865
218 217 712
475 474 366
109 108 708
449 448 1586
985 828 5375
25 24 57
666 665 1450
99 98 55
321 320 1776
965 43 7
879 878 1271
940 493 5934
426 425 1297
324 323 3095
237 236 1924
681 680 5054
599 598 2787
163 162 1255
314 313 403
454 453 259
603 602 5521
530 529 3874
291 290 219
290 289 900
630 629 804
207 206 512
15 14 67
318 317 79
932 904 4363
60 59 38
191 190 301
707 706 2230
888 887 320
462 461 2826
947 182 5357
327 326 346
231 230 2217
126 125 1005
201 200 1535
243 242 771
348 347 1644
144 143 866
830 829 3327
422 421 2681
550 549 436
518 517 1198
330 329 2052
414 413 3949
820 819 6763
963 946 9462
632 631 2196
712 711 831
312 311 2484
758 757 1499
917 353 1861
226 225 1730
261 260 1438
429 428 2547
178 177 1227
154 153 288
719 718 6258
28 27 134
860 859 4471
490 489 1360
473 472 264
823 822 3694
989 321 6013
597 596 2343
524 523 3914
845 844 3723
529 528 1512
280 279 689
372 371 140
300 299 2338
621 620 6068
635 634 2903
160 159 916
745 744 1630
40 39 252
781 780 579
642 641 5565
407 406 3969
728 727 5734
831 830 2447
20 19 125
538 537 4702
643 642 708
713 712 4658
633 632 5919
156 155 1297
242 241 1290
476 475 2155
217 216 250
774 773 2559
588 587 587
292 291 719
545 544 680
498 497 1589
552 551 3689
696 695 254
181 180 150
268 267 1156
567 566 659
854 853 6215
116 115 1131
31 30 112
657 656 5282
737 736 4861
296 295 2837
458 457 3563
956 927 3819
7 6 22
539 538 1275
939 667 8323
333 332 659
798 797 4053
925 682 8009
920 472 589
87 86 290
725 724 6201
794 793 5266
3 2 11
118 117 444
471 470 552
401 400 1613
67 66 645
547 546 1555
479 478 2627
528 527 3944
667 666 6394
568 567 2285
573 572 858
497 496 4422
388 387 2651
710 709 589
691 690 3395
380 379 2066
669 668 2838
801 800 3563
448 447 3510
764 763 7187
581 580 4408
592 591 3595
101 100 259
807 806 7422
659 658 5172
760 759 5286
391 390 2193
671 670 4360
467 466 3401
949 885 8747
80 79 241
481 480 3528
930 849 6301
287 286 1567
70 69 62
872 871 5763
952 863 6116
432 431 2294
537 536 316
941 231 306
844 843 8073
987 381 2650
557 556 986
363 362 1285
586 585 152
676 675 6535
908 801 6911
769 768 543
239 238 1183
540 539 2118
219 218 249
250 249 1129
761 760 2972
269 268 2493
783 782 7017
367 366 1636
693 692 6626
527 526 2768
875 874 3598
138 137 161
839 838 4158
283 282 478
52 51 51
57 56 486
365 364 2244
142 141 27
256 255 722
74 73 319
77 76 533
271 270 1661
747 746 5963
982 429 3598
842 841 3968
216 215 1446
196 195 437
983 66 5762
100 99 404
58 57 116
934 804 6200
818 817 3161
152 151 534
137 136 62
836 835 7645
726 725 5981
375 374 2269
275 274 2147
434 433 4002
496 495 1791
66 65 83
472 471 1053
210 209 92
366 365 441
44 43 390
563 562 5581
614 613 3171
914 118 6744
984 164 9688
959 653 4184
383 382 277
93 92 813
270 269 2004
24 23 3
822 821 1345
647 646 1251
351 350 1693
754 753 3936
556 555 5416
325 324 1450
115 114 667
558 557 3146
53 52 493
107 106 425
612 611 694
193 192 723
544 543 3415
915 60 2102
421 420 3817
63 62 34
84 83 504
921 458 135
355 354 32
111 110 236
583 582 964
626 625 81
433 432 3475
453 452 3356
825 824 929
877 876 6603
771 770 2835
881 880 4004
254 253 2284
364 363 1632
437 436 2946
501 500 4555
316 315 913
782 781 2954
685 684 4352
814 813 6245
192 191 1122
768 767 1183
718 717 2736
381 380 2954
72 71 152
492 491 4098
532 531 2358
973 927 7968
90 89 201
159 158 300
543 542 3543
189 188 645
848 847 3487
460 459 4486
347 346 1104
65 64 140
165 164 436
96 95 10
675 674 5928
97 96 467
64 63 95
411 410 1561
480 479 2871
580 579 1696
376 375 966
161 160 1431
36 35 50
704 703 674
459 458 908
398 397 2125
741 740 7010
692 691 834
37 36 290
182 181 282
241 240 1273
157 156 935
289 288 1799
368 367 3170
278 277 282
559 558 2889
641 640 1532
731 730 1913
257 256 1812
430 429 2847
229 228 1146
92 91 210
516 515 3781
749 748 2404
464 463 1689
876 875 4243
574 573 3600
94 93 12
431 430 1826
357 356 3182
646 645 5554
838 837 4102
42 41 289
695 694 6933
834 833 4515
777 776 5055
322 321 1146
996 320 258
164 163 215
408 407 1030
569 568 5594
690 689 5815
884 883 6482
396 395 2290
265 264 1352
773 772 3798
795 794 4808
686 685 4370
331 330 555
998 659 1501
744 743 4770
122 121 96
455 454 1789
942 742 3266
436 435 3628
960 709 4027
668 667 6476
910 577 5747
859 858 829
977 409 9609
901 642 7760
117 116 961
687 686 1750
276 275 1813
299 298 226
534 533 2356
252 251 2118
609 608 6042
102 101 654
535 534 2828
353 352 3401
500 499 24
566 565 488
13 12 22
394 393 469
976 451 959
936 648 3820
616 615 898
817 816 7516
486 485 4152
30 29 128
601 600 4957
175 174 1029
966 415 8755
575 574 2372
119 118 711
346 345 817
584 583 782
223 222 950
334 333 2964
141 140 624
323 322 34
897 896 1436
125 124 592
507 506 655
317 316 1776
898 897 6823
403 402 2136
320 319 1053
155 154 188
723 722 5209
39 38 101
895 894 6350
427 426 724
678 677 807
38 37 78
890 889 5789
733 732 736
813 812 1205
622 621 5464
945 235 8920
98 97 15
560 559 1866
653 652 3735
382 381 623
130 129 875
694 693 2773
724 723 4984
515 514 1438
174 173 124
975 11 257
194 193 1452
213 212 61
979 894 8374
16 15 73
428 427 593
274 273 1914
833 832 69
370 369 450
446 445 1312
871 870 3275
114 113 724
919 44 2351
105 104 196
628 627 6087
1000 557 3714
483 482 2219
319 318 3088
306 305 2693
705 704 2894
572 571 4699
343 342 3301
190 189 602
608 607 6021
645 644 3292
867 866 6344
215 214 1626
510 509 4187
755 754 7084
413 412 2529
734 733 7046
493 492 4270
419 418 1242
900 899 5702
722 721 743
482 481 1793
406 405 3037
652 651 6214
962 792 1711
899 898 4734
457 456 4534
615 614 5064
809 808 3173
702 701 1830
828 827 5324
862 861 8069
184 183 137
85 84 489
514 513 2360
602 601 5138
711 710 3489
988 473 520
369 368 91
495 494 1433
451 450 3649
618 617 4206
587 586 3406
35 34 11
571 570 1868
9 8 38
759 758 6441
397 396 2988
698 697 6777
517 516 2113
874 873 2811
525 524 504
170 169 13
970 556 6255
104 103 928
840 839 4754
958 103 5046
435 434 3889
415 414 1061
598 597 3974
933 562 8326
225 224 724
417 416 2798
607 606 5903
362 361 3463
183 182 766
54 53 468
400 399 685
487 486 4460
837 836 6425
812 811 2897
418 417 1375
221 220 2166
484 483 70
846 845 4371
2014
2230
274974
5756
175652
6865
217593
759
341093
1620
250525
1981
258540
6379
4360
2985
2158
624
3628
1561
323867
959
5367
3243
3186
1468
76545
5785
290062
1913
1345
4729
135139
249976
82000
2136
457378
2796
6157
2335
2620
212429
3431
3919
64854
193204
273700
4685
8899
39187
