1000 1000
707 589 930
1000 1000 1000
1000 1000 1000
1000 485 687
223 1000 1000
474 1000 958
576 858 22
576 858 22
714 858 692
576 858 22
576 858 165
227 991 22
953 59 22
266 626 22
115 376 788
659 376 877
115 376 788
115 376 788
3 359 788
115 4 903
429 303 149
429 984 72
429 303 149
440 131 527
181 933 425
429 303 149
218 327 149
429 188 932
429 303 149
429 960 149
429 303 149
429 303 149
429 303 149
429 25 328
759 729 729
384 908 341
250 956 760
301 956 760
224 853 1
619 853 56
224 160 624
374 560 25
374 560 25
374 560 25
374 818 53
103 560 137
542 490 479
194 695 872
464 103 25
798 560 932
930 560 257
515 560 688
374 560 792
685 899 654
374 669 625
374 172 205
374 960 428
374 331 358
94 83 25
374 487 611
374 560 25
374 665 851
374 298 368
313 1 25
374 560 25
675 742 627
374 560 697
136 69 882
136 786 573
136 69 882
136 242 401
878 69 974
136 69 882
136 294 882
839 331 882
744 562 283
380 279 759
248 69 623
933 69 182
696 69 471
136 638 471
547 581 882
136 529 596
893 550 109
282 69 681
287 907 409
776 907 409
287 917 611
753 42 409
287 907 409
287 122 301
266 321 409
287 907 409
977 127 296
287 895 653
679 907 713
987 72 414
987 72 414
987 72 414
987 865 414
987 336 941
987 72 414
987 797 89
987 72 414
574 830 414
155 870 414
987 239 834
987 876 845
992 966 414
987 72 414
843 629 414
846 262 666
987 72 414
994 72 54
159 523 414
661 751 655
987 576 432
110 158 79
987 973 968
172 766 735
843 203 414
197 145 414
987 717 285
565 589 110
437 72 887
987 72 414
822 365 414
33 547 204
33 547 204
551 547 163
33 547 204
33 547 204
717 130 480
956 765 204
589 547 931
634 547 971
535 547 912
485 937 179
278 840 204
136 547 204
33 402 204
182 547 900
827 199 204
33 262 450
741 547 928
33 949 138
570 547 451
33 547 204
33 313 662
582 800 204
241 479 588
33 547 204
875 547 279
33 547 204
412 143 204
602 547 913
33 547 204
936 547 606
926 480 204
54 85 779
33 547 204
33 547 885
342 547 583
33 547 204
33 691 807
33 547 204
367 503 796
33 885 35
33 547 204
16 145 204
293 408 600
985 53 325
985 53 325
830 219 176
985 53 325
985 53 814
101 523 112
701 53 559
585 53 700
80 53 325
710 53 990
985 53 325
985 53 325
55 366 111
55 366 111
55 366 986
55 366 111
557 23 75
55 366 111
55 366 111
935 14 111
55 366 111
441 366 401
55 155 566
430 733 97
927 50 97
897 733 539
168 664 97
430 733 97
239 360 97
430 321 684
430 733 97
578 733 780
842 713 226
430 733 97
430 370 534
430 211 462
979 687 752
430 733 97
819 24 561
819 24 320
92 845 561
819 24 561
195 849 561
819 24 561
819 24 561
985 391 220
63 855 561
745 24 324
610 985 561
705 301 561
143 24 756
405 740 595
816 683 151
942 424 944
883 683 448
703 901 151
470 683 151
662 683 294
816 683 190
236 683 62
559 683 253
702 683 396
395 683 953
187 539 151
886 951 151
205 683 885
816 946 714
767 683 236
516 909 254
54 247 254
355 573 384
645 597 679
211 909 254
516 909 254
516 909 254
391 909 653
516 161 254
672 100 254
516 909 254
912 134 254
941 975 445
865 483 445
941 970 751
890 432 618
916 975 445
125 711 455
941 166 774
941 975 445
941 822 346
616 975 689
941 975 445
941 975 445
129 975 445
941 245 481
941 975 445
176 648 572
176 648 572
223 648 349
655 94 572
592 538 224
100 2 313
176 648 572
237 995 273
800 508 142
617 969 513
228 969 726
617 244 132
617 243 300
565 503 873
565 5 873
565 553 898
486 503 597
728 891 873
67 503 431
565 85 683
944 863 789
565 503 873
565 503 873
565 503 873
565 503 873
565 298 887
64 503 342
741 503 632
219 503 822
631 503 208
100 503 56
565 503 873
565 503 873
565 503 873
565 503 873
989 963 513
989 963 513
409 963 921
989 963 513
395 937 468
777 963 78
491 545 513
287 898 513
989 963 878
597 486 872
597 338 149
334 129 533
147 914 872
597 292 872
153 632 156
617 185 56
153 995 294
153 807 977
954 364 156
153 632 156
153 632 156
185 61 369
3 698 156
311 321 156
720 632 340
141 329 806
743 329 693
141 1000 240
204 975 806
141 321 387
141 329 806
141 329 254
141 329 806
141 369 317
123 393 71
141 329 806
141 329 806
631 329 853
141 329 806
141 659 683
141 170 735
795 197 235
141 329 806
918 496 806
894 481 564
894 439 626
894 97 496
894 481 564
54 849 325
981 849 49
54 126 566
816 849 977
339 849 833
749 244 327
413 244 936
661 477 886
641 592 31
755 64 886
145 477 886
970 477 148
457 639 921
661 432 345
661 663 33
661 477 886
325 477 886
661 407 886
923 489 755
415 662 886
257 977 746
418 977 746
357 216 645
64 589 554
183 704 746
464 977 257
257 83 686
78 129 746
385 977 746
257 977 746
257 977 746
977 977 560
257 795 746
72 977 872
257 977 746
776 361 537
776 732 355
776 615 675
776 866 430
776 361 13
935 397 537
776 361 537
517 361 635
776 361 898
776 981 52
776 361 161
776 272 900
292 361 241
185 380 537
910 891 679
488 49 537
2 228 537
776 372 314
776 925 392
710 109 537
776 213 841
325 361 748
157 116 806
873 791 537
776 52 344
776 361 537
776 361 349
776 361 537
398 935 537
633 981 537
952 449 312
776 361 537
776 361 652
776 361 537
309 447 537
776 431 537
890 361 537
776 361 537
281 361 537
776 933 78
749 361 607
16 361 537
723 569 537
154 850 537
776 424 537
776 617 647
776 361 537
496 472 693
776 727 985
380 882 537
776 361 889
248 361 360
82 52 537
983 361 389
430 361 747
776 361 537
776 287 827
313 361 492
776 361 537
813 815 537
385 598 850
582 361 367
776 361 537
776 361 537
776 361 438
776 663 537
415 13 12
776 361 537
776 623 61
776 361 537
301 129 668
301 547 158
367 129 393
181 129 668
136 143 668
543 297 668
301 145 249
301 129 372
746 129 668
301 157 668
307 129 527
863 154 518
917 625 695
301 129 668
444 632 136
589 129 109
301 187 668
744 867 341
744 859 944
744 867 552
744 207 705
744 867 341
744 6 708
210 668 341
744 867 341
744 815 457
111 867 15
398 935 341
144 587 735
744 867 341
189 867 217
350 867 450
233 16 341
249 845 341
744 867 341
842 867 452
311 867 341
557 510 772
875 372 179
557 628 857
557 510 772
557 510 772
633 615 772
200 837 772
979 306 176
599 510 772
780 510 379
571 106 651
934 838 279
113 32 487
934 791 279
934 108 557
483 810 162
136 716 717
934 838 279
947 466 773
934 838 13
705 838 446
723 838 497
886 942 404
552 838 316
303 828 350
934 189 950
431 624 279
632 838 794
297 227 198
934 838 279
931 110 395
303 110 395
931 110 793
985 630 216
931 110 395
281 110 958
987 904 906
482 904 271
321 581 762
987 904 701
987 904 906
987 904 906
359 16 756
987 904 906
11 480 251
987 106 554
987 904 906
279 524 629
50 387 629
279 524 629
279 524 629
451 737 597
747 720 629
279 307 4
623 334 618
279 851 125
279 524 629
996 782 878
34 675 878
51 228 878
996 91 143
787 133 380
787 574 647
166 164 380
180 828 380
787 443 976
604 133 78
787 133 380
787 763 628
787 512 709
156 32 129
773 693 635
787 133 215
594 42 139
384 246 166
384 246 166
384 246 166
173 827 166
990 246 166
973 623 473
384 72 166
89 939 166
467 713 675
384 246 166
292 208 166
384 246 651
384 246 698
620 246 526
3 997 967
3 997 967
587 621 687
46 101 967
179 836 694
179 66 643
179 836 694
956 183 620
179 731 385
179 836 694
179 716 299
956 836 751
179 836 694
179 836 694
634 836 694
615 836 694
12 836 694
179 814 890
74 945 694
902 535 707
902 535 707
902 979 110
902 258 665
621 380 61
280 667 707
478 564 707
902 535 707
853 535 707
20 249 707
902 535 707
561 862 707
902 428 707
902 147 913
747 535 786
522 535 947
171 515 707
902 860 842
921 942 569
50 942 46
726 997 569
459 993 940
332 824 940
246 993 249
606 745 346
459 993 940
459 993 940
685 654 564
826 940 940
438 601 229
459 993 940
459 993 873
459 993 940
459 507 170
459 584 940
613 862 873
277 993 940
956 993 940
459 993 940
459 993 940
459 993 940
459 244 231
459 993 940
622 296 940
57 142 579
459 207 606
459 993 1000
459 993 869
459 993 940
971 993 940
958 783 274
141 993 677
532 878 940
294 514 991
802 439 940
459 554 671
459 643 940
98 67 940
459 993 940
459 121 116
459 944 568
307 993 231
459 953 224
459 993 940
459 188 940
459 72 326
165 666 940
625 993 940
459 962 937
245 183 940
743 993 717
459 993 940
941 993 143
743 590 95
748 993 610
459 708 551
675 993 940
58 74 940
459 993 940
250 313 940
459 63 285
459 993 940
459 612 876
459 608 585
428 102 940
832 192 30
123 993 600
58 652 306
58 948 268
58 738 228
725 652 624
58 890 882
577 234 306
58 652 306
58 367 40
58 341 709
58 91 503
58 911 62
333 249 306
58 652 306
58 334 960
58 652 104
229 710 306
58 967 718
58 651 169
58 685 911
978 192 306
576 746 306
58 790 412
929 652 204
478 795 306
904 322 306
875 743 306
111 652 800
995 454 306
58 404 13
469 941 306
58 925 548
58 652 306
603 401 306
469 434 329
469 857 267
469 434 329
469 434 329
225 434 305
94 572 683
11 707 445
469 434 329
469 434 329
469 434 329
469 356 811
469 409 403
842 458 329
383 434 672
23 434 147
254 721 691
254 721 484
353 721 671
254 721 691
254 721 552
254 721 691
193 823 691
254 670 93
657 968 691
254 60 762
11 714 691
254 721 691
580 721 202
254 668 726
738 612 691
538 267 691
479 721 188
242 721 691
563 825 691
643 721 622
211 927 20
462 761 691
254 138 691
254 498 57
254 671 611
63 916 691
254 721 236
254 721 691
254 666 689
254 721 691
254 751 459
254 600 906
254 721 691
254 974 956
254 721 691
502 666 691
837 294 910
837 218 963
837 503 698
256 294 664
837 400 12
165 785 815
37 785 286
348 785 815
165 79 395
204 558 815
165 152 994
165 785 815
117 443 919
183 785 990
320 37 657
640 434 917
71 492 877
341 547 494
812 156 17
930 264 877
256 492 943
320 387 81
320 387 81
615 234 81
366 387 101
320 387 772
130 678 81
320 387 81
320 387 81
320 387 81
288 454 81
405 193 81
31 101 81
758 387 800
618 584 512
46 82 368
46 766 372
720 82 234
46 82 368
46 82 368
310 255 835
46 883 842
612 442 906
15 704 906
945 34 832
612 442 906
679 442 993
401 442 231
83 442 916
612 442 906
594 442 906
769 527 368
612 439 517
812 926 906
18 442 632
318 53 906
612 442 906
612 442 906
612 442 906
612 409 601
612 818 995
612 754 906
612 442 536
475 945 964
475 945 548
954 614 964
475 945 964
475 945 964
808 945 846
289 945 886
186 307 964
455 945 439
795 945 763
475 917 213
362 945 266
475 58 230
394 869 670
394 652 482
394 869 670
394 694 682
175 958 670
394 527 73
897 141 169
394 810 301
121 233 670
95 308 352
394 180 143
666 489 670
394 869 670
394 869 670
925 31 50
380 869 771
142 869 699
688 869 986
394 354 993
517 869 670
198 24 670
430 869 436
769 869 734
394 869 639
255 869 178
394 150 639
668 869 670
428 665 670
394 869 670
394 933 949
894 868 567
394 201 175
894 97 175
394 869 670
394 869 905
394 703 388
278 869 507
394 869 670
902 905 408
902 639 408
902 905 408
902 905 408
153 38 186
902 905 408
902 905 408
385 927 408
902 253 408
287 326 644
902 561 440
958 905 758
944 315 408
902 905 408
30 905 366
241 167 968
902 905 408
902 905 408
949 949 107
902 905 408
996 372 408
902 905 408
902 920 52
902 206 418
386 800 408
804 656 408
874 905 89
902 905 408
154 905 467
317 996 465
321 996 544
382 996 980
788 714 78
460 996 811
118 996 122
250 996 759
317 996 465
518 309 897
241 183 839
576 309 635
518 309 897
331 309 897
960 782 897
518 815 22
518 814 614
518 787 585
518 13 948
440 560 133
86 886 133
440 560 133
321 534 133
619 560 914
848 100 511
235 655 511
886 15 898
407 7 986
19 77 962
848 947 220
848 100 511
848 860 579
848 100 511
183 595 511
848 723 511
848 100 511
734 468 511
432 100 622
489 100 92
233 100 931
26 343 835
848 739 603
79 872 508
322 348 511
848 100 511
848 100 511
848 100 511
848 434 647
480 100 762
518 674 64
518 674 301
84 63 297
130 63 936
84 63 297
84 63 297
786 63 170
904 489 724
679 438 297
561 63 201
84 611 20
84 597 39
600 63 555
993 622 113
404 63 710
84 63 761
84 63 297
945 63 312
84 63 297
84 64 679
948 624 959
683 945 297
224 63 239
84 588 427
607 880 819
324 63 755
677 331 297
407 886 297
47 62 664
47 663 316
966 62 500
416 24 792
493 62 664
673 257 664
47 949 829
47 803 337
599 288 924
816 288 910
599 287 924
844 288 442
