1000
1 10106 430304987 27250 648822320
1 18837 358538029 33550 405818993
1 38094 982700962 3204 179351309
1 30012 759760524 562 94814637
1 2824 2157328 38048 173808913
1 21286 529968039 52 959360396
1 31179 121080479 34756 53631878
1 30154 653155991 12746 158842361
1 35756 305957126 5641 104974068
1 2045 488011957 25641 642713627
1 5129 86061632 114 739799333
1 31837 586492057 1169 10787421
1 28329 593225093 21156 282039585
1 28750 143720989 27079 847645798
1 27766 864251726 30765 302429490
1 20582 890310234 9018 656510752
1 25545 659396949 19166 846951648
1 3583 247192488 16135 46595253
1 14155 59882130 21512 34318581
1 11841 586616225 18940 182675596
1 6477 138790717 30323 95905657
1 35348 239725854 13459 235220815
1 527 411099345 36146 530323381
1 22265 609941560 12945 198969063
1 21713 578348551 15927 922255923
1 5741 401601095 24776 490081917
1 1429 126091990 17857 539746492
1 5762 586118117 28766 469884538
1 8699 68829305 3922 78868056
1 2011 778107627 1973 189569159
1 21501 399545704 439 187561808
1 10116 980023921 15234 61615501
1 37526 761165148 22324 62889774
1 14150 105999057 17491 87941045
1 3712 43606350 12276 974611130
1 18774 947771812 34513 195063400
1 16867 276363127 13055 157467646
1 13432 108394946 28797 167545422
1 29454 856851281 31093 408665666
1 22382 484389701 6136 687960914
1 39653 295538068 5308 390095887
1 23794 125907846 2396 712856220
1 37240 108031033 5251 594491695
1 28298 423787806 35027 291424917
1 34061 117527161 14942 795263659
1 34947 338229221 35227 162793189
1 25258 199680206 9298 717592267
1 31162 291143925 19163 279727223
1 36953 953627887 2385 709520664
1 24795 689928871 20991 479529330
0 29093
0 11049
0 7217
0 5967
1 16851 849352676 33496 4460002
1 7581 629990843 5967 197132036
0 15750
1 36802 32808957 32242 995452481
1 15499 892681118 5504 350501
1 13224 68730455 12087 416001601
0 19383
1 11825 249864261 39076 316886108
0 17915
0 1718
1 13956 747303452 28460 556620753
0 6319
0 4397
0 28061
0 25326
0 13988
0 16925
0 20961
0 8234
0 35861
1 18909 652615781 9742 681920540
0 11186
0 15445
1 11580 289794975 5251 913448627
1 27512 243689218 32279 574033785
1 37296 497810216 1757 120994907
0 3602
1 37988 940569905 36426 95187051
1 23749 718502472 12144 62150482
0 2525
0 4218
1 3331 953046277 22459 9605642
0 28808
1 28876 193490044 74 485593381
1 15032 828349549 281 835723569
1 5116 25723246 12511 244092930
0 36058
0 34054
0 19400
0 38537
0 11044
1 6739 574769777 10388 969819962
1 23139 530794664 17315 416578473
1 25948 98781230 27149 140296980
1 35555 664502713 32344 921965585
0 12934
0 18978
1 17829 701224600 22063 178579095
0 30495
1 306 876453860 28565 721461451
0 19817
1 2880 444512102 6943 930751789
0 1014
0 30067
1 11552 817488029 27335 222975114
1 13438 72187941 15055 796504737
1 1402 593760637 39206 724087877
0 25468
1 33413 699807509 30013 191274701
1 2397 357753394 10931 602710628
0 6499
1 12506 332844696 18699 852109182
1 7234 221152116 30250 283557328
1 9531 623521830 36414 286073509
0 19327
0 3143
0 35060
0 27222
0 38328
1 23954 85842529 34143 43230725
1 33918 638209094 15416 719200451
1 20920 854311219 20823 114060339
0 628
1 9862 749254363 26549 121496907
1 38750 103487681 7228 53404160
0 26920
1 1405 172185651 7315 552633478
1 7803 788364639 20173 66860174
1 15269 900959552 37696 288075914
1 1565 827949903 30367 646372347
0 8231
1 3095 888007813 13938 942790879
1 19482 807296565 29119 29730568
1 28261 684619081 23041 584618557
0 1666
0 8873
0 34686
1 30952 691778009 18925 116487709
1 12345 317400114 34068 56699293
1 37684 587373452 19552 334825320
1 35255 591826910 37992 561129539
0 18041
0 6137
0 14556
0 37607
0 9335
0 6116
0 35460
0 23645
1 36538 815509901 32243 561976641
0 15058
0 29972
1 19841 827425929 33280 569766934
0 7459
1 32654 252333441 34776 275719407
0 27841
1 29047 983263362 25786 985932112
1 16438 189322008 36416 684881654
1 27202 941784262 24530 60312533
0 19442
0 7843
0 3886
1 24499 38788461 11162 815150800
1 6541 660262129 39610 205357192
1 20047 938389330 32997 1548254
1 14810 672361365 30305 254401819
1 7701 721606686 11810 477170147
0 39860
0 27555
0 37347
0 7356
1 32083 435390293 15101 722625621
1 12448 203476675 2287 373213355
1 1892 56041429 16638 121621659
0 38487
1 25736 496392076 39354 923549974
1 34433 695237232 18010 765737399
1 20815 626478645 10800 681117226
0 26398
1 1777 359815960 3662 258266786
0 2708
1 21223 756003044 4026 425038468
1 23470 817417249 16719 532742677
0 32356
0 5487
0 21615
1 26751 739184958 20011 908882499
0 31166
1 31753 902518873 7049 58487660
0 38827
0 18326
0 18197
0 27069
0 740
1 29200 914490716 27663 145276524
1 29473 298593596 34991 862928256
0 38723
1 15746 886225549 13392 1696660
0 1158
0 4994
0 25826
1 8945 925162147 10394 127559797
1 27154 294505400 20626 303774363
1 34136 30679809 2188 753172864
0 15701
0 38882
1 5419 394416847 26859 572459220
0 4295
0 23902
0 10019
1 34032 71162447 37827 949662143
1 11609 945761180 12696 139160563
1 31202 494770804 38957 136872346
1 25646 430344645 31692 873619626
1 33196 82835789 18637 49892970
0 35143
1 18446 213909922 8878 369909362
1 740 337358415 3282 729907574
0 34435
1 9895 442248902 20304 42303055
1 9740 246433342 12216 936227256
0 30410
0 6389
0 5917
0 28189
0 878
0 4128
0 1169
1 10161 766639020 4647 221800519
0 34727
0 33781
0 35187
0 18021
0 8488
1 31744 782566167 16518 127810131
1 18121 280669289 36610 347912351
1 35698 769880291 19661 467139147
1 1852 69304720 3480 290074707
1 29112 26421611 29340 327348457
1 2936 244544586 20901 880224911
0 11899
0 10519
1 5551 841700834 27530 503939350
0 13383
1 34617 704390700 4771 994578144
0 21884
1 37453 744080973 16685 873421222
1 17952 899595246 10021 660027490
1 34445 4254848 39603 337346104
1 14093 68685723 2502 921469344
1 9246 281789752 35012 189551499
1 19336 687494570 9786 864038071
0 39646
1 24501 689902327 28045 649712202
0 39985
1 21066 945534807 7206 993618348
0 33029
1 9945 350214241 33719 713582423
1 29706 842576720 9544 100641205
0 25045
0 20762
1 34499 775640281 37236 740153767
1 5747 949344076 34348 527099514
1 11699 63323543 37315 878950048
1 19578 366595638 249 67122014
0 19884
1 36271 331723929 27569 950606129
0 23170
0 13541
0 36276
1 4194 343815390 5759 736808314
1 7617 405646901 18594 667384385
0 14200
1 26814 237977982 11252 505377008
0 28298
1 19590 61497371 39374 27975234
1 38291 677232813 34017 338012725
1 32960 486995029 31790 950568533
1 1806 995164250 11397 491929569
1 37513 808592023 10269 572366574
1 32986 537925739 8494 477615395
1 10929 832781670 25888 472906176
1 24863 461753252 4570 143832951
1 6844 472445520 23369 292045971
0 17167
1 30226 276838037 10216 849346429
0 25115
0 23946
0 21733
0 20965
1 25405 733302197 8517 384683600
1 38938 807133573 45 971317872
1 30425 70948866 33222 682844211
1 4430 421862894 8486 894078339
0 28700
0 29541
1 31201 976040792 18346 918529130
1 5886 209227887 15657 183109504
0 11534
0 22249
1 21869 845082622 6195 564463769
1 39864 45215979 11482 64981433
1 1245 13725884 29012 251064917
0 13269
0 24712
0 16068
0 32613
0 33734
1 30204 53846643 20690 613882898
1 18579 776066008 17428 712907784
1 1937 472729687 17082 982441858
0 11633
0 21519
1 3034 810089512 33470 740305773
0 6876
0 36731
0 1502
0 28278
0 5523
0 22094
0 34402
0 21864
1 27743 358678595 33252 407362508
0 32376
0 2776
1 4461 584305294 18644 243272194
0 18687
1 3869 631711327 24091 766154138
0 37089
0 33834
0 18241
1 39202 308647231 13442 514179427
0 9987
1 18757 45507877 16702 85681638
1 7546 987104610 26068 835656264
0 29444
0 38247
1 36859 21694962 31406 831838687
0 30067
0 27051
1 35737 30042032 7980 560636023
0 2840
1 1872 839214981 6255 495375786
0 27391
1 2674 28856892 21327 158335634
0 1863
1 23646 837563580 10789 900161479
1 11180 443220716 10727 369885026
0 36963
1 32472 506120995 3201 729992522
0 7853
1 23300 644781384 551 958376866
1 12702 19159245 15287 992691864
1 36361 743562105 32760 673358734
1 32147 538443716 25848 276374109
0 3570
0 33435
0 39958
0 37267
0 1610
1 4137 801528331 28154 792953622
0 35876
1 22149 61975843 14962 479277164
1 9616 489600233 5242 41470049
0 11684
0 36467
1 35079 182697364 4904 945779475
0 36211
1 8187 615934278 29009 77654206
1 28342 19221854 12547 241026112
0 18260
1 22612 730354444 12502 713030624
0 33784
0 29192
1 19773 166965998 33184 22493880
1 19805 281244941 36057 688841133
0 39054
0 1557
0 22974
1 33273 276784260 20721 849492654
0 449
1 11124 229740193 18857 426726689
1 39960 726144381 8764 357643300
1 24993 508714611 20032 743075923
1 5721 714422829 6743 976338662
1 20399 493361 21296 158257773
0 22898
0 27979
1 16393 979141557 21127 416118692
1 36742 424679752 22000 841963248
0 34423
0 10730
0 3439
1 32169 118743278 14187 419332931
1 34706 860782099 24956 24484084
0 9901
0 2683
1 12815 174694632 33448 39793928
0 12300
0 29248
1 14074 750731041 38218 814605621
1 175 220625020 6582 697493592
0 1176
1 35256 375807738 14763 622819957
0 28658
1 38174 916152210 2433 260965483
0 12477
0 15539
1 18859 776202509 10667 510536433
1 18451 266015337 24537 840093965
1 33089 68549262 6922 410161288
1 33615 751820771 23558 80462491
1 4910 839732794 33396 963482047
0 39056
1 27481 56107766 35085 506115047
1 15047 22404563 37963 666606062
0 8245
1 26138 950482565 26921 681881854
0 4584
0 38648
0 32892
0 14033
1 19134 419924942 18381 14208664
1 34590 473147345 3367 339952085
1 23954 35175224 3048 175208424
0 36839
1 30832 136291656 3215 540380673
0 33327
1 28213 579154331 39183 842089430
1 32655 456595870 20073 96765126
0 11161
1 35244 365533543 166 41491521
1 20261 633699261 39844 978671988
0 24043
0 23610
1 39150 249748576 37984 339002672
0 7242
0 4951
1 37490 37599850 35740 336925651
1 24772 564808830 21307 71274880
0 37643
1 25942 808865075 35634 972219541
0 31810
1 9365 767995565 21066 123510255
1 14870 784319359 35620 505210389
0 13740
1 12964 225281125 19114 190567446
0 7292
0 20999
1 31336 41890422 21359 723997118
1 28299 145565695 19138 322910210
0 32881
1 21667 588049261 29628 638107301
0 7908
0 35136
0 30117
1 21371 357874137 30096 286416156
1 31017 997819530 7389 831048340
0 241
1 18803 590739945 20952 127465337
0 32214
0 32514
0 818
1 33846 842981295 20975 53907806
1 16465 604916947 29983 935355802
0 16667
1 28448 689361408 19909 362212775
0 31544
0 17979
1 17481 997163950 18131 68625754
1 35631 894829891 25363 12314629
1 12063 255033638 26214 495286156
1 16852 568988299 3855 813336206
0 21597
0 29576
0 34584
1 37943 920003242 35471 316523560
1 23708 959818906 15692 918494884
1 33326 764773427 16105 541024238
0 4768
0 21717
1 9160 98272585 30516 319009571
1 1491 756190722 24005 334012126
1 26472 828908452 13422 39456072
0 5731
0 13562
0 15681
0 7936
1 39278 798954325 3584 89408958
0 552
0 3908
1 8931 50648059 7640 280899610
0 24836
0 10299
0 35476
1 4619 548343789 14860 84328121
0 35146
0 3729
0 6100
1 22901 25347713 23495 319180669
1 12715 262854883 39686 262561685
1 38533 728502743 12125 632932640
1 35192 107864045 4056 638472819
1 28893 662576790 6051 577840767
1 27472 948443993 17014 588217421
0 10201
1 34688 8660885 16538 648591311
0 23112
0 7401
0 18729
0 24350
0 6092
1 31930 52544948 38397 317782575
0 10545
0 20923
1 24866 654401337 7494 902266108
0 10504
0 6579
0 33553
1 31350 882604825 38221 47145075
1 12169 790852078 31095 310057437
1 18982 151008356 12751 254121206
0 30270
1 2840 546755118 35877 340582400
1 23590 310599888 34452 199636361
0 21246
0 35291
0 30004
1 29647 879646765 25083 302424567
1 9972 814026166 734 132986916
0 13013
1 12217 449802556 20095 505334817
0 14731
0 14472
0 34572
1 24200 23977772 28797 274258168
1 20058 781619998 26258 161971315
0 11242
1 31495 49250828 36890 855917098
1 4138 526803 17498 781015234
0 17197
0 14983
1 24355 729883498 36139 61582605
0 10518
1 30838 860982468 32013 264916740
1 12093 734269761 28662 188544294
1 33573 19368202 8992 70404273
1 4683 399572074 24561 642434228
0 12643
0 38277
0 6638
1 24682 708861545 9678 612543786
1 34211 461399743 14665 504695006
0 13520
1 39637 719367443 10510 540616580
1 21470 252587535 3209 992044943
1 16456 346614040 25833 302529721
1 12106 298038337 36585 715531117
1 26833 864514666 11295 146019829
1 3396 405612463 7314 110198954
0 38624
0 15435
1 34810 554216462 15449 248582097
0 33224
0 8182
0 24957
0 17194
0 4142
0 22003
0 16887
1 27811 220094833 14817 32905767
0 20339
1 24497 204638042 18602 371732304
1 37048 230915210 17350 379545200
1 3048 96741695 10043 598507081
1 31189 28554025 4703 84049857
1 33253 293256836 11992 10709140
0 23085
1 5814 828972020 12805 201643491
1 24157 45665110 28184 531302981
0 22650
0 34900
0 23415
1 31326 98362544 28319 347197650
1 1787 883662588 34956 823138882
0 39220
1 15264 904176910 4719 281691164
0 8604
1 19102 613749898 19013 785840460
0 20091
1 36334 372125611 35318 839606966
0 15200
0 28101
0 5293
0 14776
1 32818 667931478 4229 23716410
1 7756 949120006 13625 17960911
0 7923
0 2594
0 17640
0 11497
0 31580
1 12646 300114674 26397 518460255
1 33405 8555256 10855 211549970
1 34888 224436258 933 279342502
1 26326 56134903 33702 367702509
1 17504 669555544 27130 487889337
1 11051 356424910 28658 37768904
0 12886
0 29512
0 25579
1 138 464391009 30683 588051364
0 26006
0 18233
1 20794 766300097 27074 182903814
1 27315 159159891 22980 417158081
0 7310
1 2425 548213106 37539 82978902
0 15495
1 10994 238738346 29902 321682469
1 506 309344640 26719 170056749
0 21187
0 10630
1 16691 496688404 1328 954733343
1 11672 676451280 12793 684703575
0 6146
1 18594 579017250 21611 979534984
0 39860
1 20937 400093752 303 792104027
0 25931
0 8028
1 36786 311295078 14282 73595084
0 17170
1 43 809444099 13303 844926639
0 27002
1 4003 977423542 38246 68123237
0 622
0 15635
0 28883
0 23329
0 31952
1 25185 274530253 30695 813535294
1 4770 434175697 23858 491931035
1 31193 474903706 20392 315159946
1 30097 542887484 16810 798678837
1 26338 969867727 37941 917705938
1 39689 540027077 6424 552666710
0 34273
0 778
1 2548 681558508 5149 258149768
1 5353 907021128 32151 707153435
0 29471
0 17199
0 30395
0 7661
1 8125 439161506 34271 788019935
0 29982
0 34887
0 12331
1 5245 596086794 37045 75988902
1 18611 929154630 9879 501659579
0 37321
0 13990
1 20368 687559943 33281 487509957
1 16600 861662897 15840 26781137
0 24455
1 7175 224215204 4828 697256415
0 3968
0 16488
1 15811 276935605 35456 779655447
0 1737
0 32898
1 21251 852547369 22114 671968291
0 38868
0 38025
1 34071 138157210 24378 917885987
1 7657 291800218 15783 276666452
1 17457 447258182 1608 871240828
1 1953 787891661 12032 757036309
1 15706 111227893 12272 325972046
0 8695
1 12912 972221217 3937 999571464
0 36326
0 39290
1 25710 378723738 38203 34299660
0 35951
0 19402
1 14015 833238795 18474 283778179
0 34902
0 7048
1 9130 876709653 23603 550886441
1 17536 518377298 3834 614279764
0 5549
0 36135
0 19668
1 28693 758745612 3827 31767783
0 37201
0 27036
0 31717
0 5132
0 30113
0 3986
1 26247 52195055 23095 512450126
0 27680
0 3698
1 2713 937831603 24239 67554860
1 11646 675440191 21606 774971225
1 26753 850619666 4029 41740449
0 21305
0 11797
0 23957
1 37279 685166695 16654 254794104
0 1878
0 9847
1 11788 226787180 15371 175067454
0 11735
0 23417
0 4548
1 26209 710526288 12441 583423676
0 31764
1 7616 160798854 30241 559775015
0 3728
1 8925 482595290 20851 942788221
0 9713
1 32760 470234321 21069 957008742
0 11318
0 12814
1 10040 447640045 34874 364806516
0 2684
0 16683
1 570 1389600 14956 277985838
1 14685 72615096 2012 438705228
1 22130 64515856 8346 783078458
0 25454
1 28002 973047161 16272 406482568
1 4164 350019043 27263 323879089
0 38408
0 4922
0 19531
0 7732
0 9386
0 35304
1 3215 863304122 353 15333791
0 31431
1 4636 564441083 14810 85331070
0 33943
0 16936
0 495
1 31142 233185135 8667 607463625
0 18524
1 2198 282969793 24844 889269935
1 22541 37850414 33753 690360541
1 37780 543319665 23769 199204456
1 25617 273187788 31875 7637044
1 36906 388265058 31541 18431091
1 39274 14816088 1021 528436270
1 16212 492305887 24485 341488746
1 24252 772479489 33212 551660683
1 29798 491902027 39575 624854056
1 1714 427823539 15099 735289451
1 6822 736437596 2313 46559605
0 4432
0 24148
0 22247
1 1805 229333378 11719 666871201
1 14591 89559036 9712 569308723
1 13991 210052899 20398 565354568
1 7132 85819225 22869 235204591
1 38164 877357657 15665 629147503
1 769 654612170 39208 875018534
1 23358 373173380 30740 260934337
1 4251 396303198 9353 192389181
0 15974
1 33061 928565574 3881 741450942
1 7531 602156293 36460 931301762
0 21217
1 18804 827761545 36212 680173605
1 21909 268174434 21199 730743316
1 22601 591680386 34450 949447357
0 31181
1 26819 196246482 7595 683660437
0 10783
0 28686
0 20584
1 38904 510848058 14623 441265673
0 9100
1 12867 18107144 18281 200310968
0 7170
1 16930 637926609 15000 106812572
0 10703
0 16571
1 39006 253187934 21823 501981301
0 12212
0 33896
1 6426 879655408 31414 435030334
1 8486 55871787 19579 274950727
0 17090
1 6513 7404569 37748 146360378
1 13840 354071573 6827 774684530
1 2252 365426310 2547 182570697
0 13055
1 514 377587436 38459 267719898
0 12913
1 21276 873986886 21511 659072598
1 2956 46866924 4994 100083884
1 11769 455678478 38517 410899132
1 20722 920684011 14139 967575399
1 10655 596487176 17125 52240603
0 21825
1 27765 52857505 4409 466201971
1 4522 489602022 8581 132615575
1 34890 788431282 16335 226506269
1 19232 827326611 24563 863726320
1 2572 414916986 38702 196725121
1 19526 541120057 34243 257985938
1 4396 89751916 13950 70822248
1 12841 416677357 33869 600303258
1 37961 713222789 24271 759018949
1 13729 973158766 23589 719275386
0 37906
0 2842
1 39080 123124700 18568 23354978
0 7993
1 30337 644605795 15511 624700191
0 34634
0 34256
0 12949
1 8964 121436298 34589 135263904
0 19620
1 8244 537232789 26607 708489899
0 14343
0 28187
1 19481 360871609 26917 771159222
0 36099
1 14878 163486147 39485 499027376
0 24668
0 27032
0 8301
1 15869 303364113 21528 397477060
0 19613
0 35361
1 30065 230740282 5306 461758228
0 8854
0 6572
1 2864 82198673 20972 378694387
1 27047 654363395 16999 689729662
0 18716
1 31111 865742279 20853 334771094
1 26309 718618667 19541 143693954
0 2048
1 10482 462577358 4003 333738157
1 9576 209847944 37559 664392014
1 24480 631716336 31928 968147917
0 31995
1 13940 412826939 3057 319171774
1 32683 316096469 38926 261022233
0 29369
0 8568
1 25444 374150354 30546 441367852
1 21287 812000663 21997 683985048
1 15193 310465172 18616 598573822
1 25901 71564091 31419 933680254
0 35389
1 11713 38973447 36884 465473912
1 19830 272597417 8971 551215591
1 35265 56619754 26504 70872083
0 1710
0 938
0 25694
1 39478 159947384 26966 1712399
0 32793
1 21147 135347915 12370 314851900
0 12418
0 29116
1 10164 808376926 27226 534773874
1 9594 656875 3834 112049424
1 37506 269821293 18652 34301954
0 39194
0 17636
1 4194 691841231 8674 251736200
1 8105 630400460 37510 957748882
1 15103 361147521 9953 15243250
1 15362 76749707 5712 66599092
1 15101 873934315 20201 526991322
1 27774 463798855 37954 111682451
0 32460
1 33188 879148893 27443 36204838
0 31742
0 1350
0 5232
1 14879 971323445 8031 126373191
1 7037 459279804 7343 133406606
0 13272
1 2760 853163846 31712 998070815
0 28440
1 17036 242922309 2075 614546488
1 33288 655679492 12376 708032225
1 3960 119791888 7745 211154274
0 14269
1 32310 405944509 29944 402639556
0 31608
1 14780 213851714 31138 957286247
1 19938 988767737 34676 769095478
0 10187
1 31093 453903960 5922 817723611
1 39564 123883745 11796 779295129
0 160
0 19312
0 3906
0 38051
0 26541
0 3743
0 29190
0 9489
0 5824
1 5064 906974129 5009 700596408
0 21954
0 11990
1 15153 465473815 3857 438984904
1 37737 691374612 9637 707191580
1 4695 775223625 35293 2680278
1 15483 712774691 13698 481243271
0 34294
0 39188
1 6354 117851373 6143 942616283
0 38283
1 26938 65981643 29239 51247095
1 2871 794317303 37465 24077110
0 13256
1 31769 76093310 9843 437031179
1 13554 106386594 11309 566827175
1 13755 17213134 33662 376425402
0 10889
0 35613
0 37383
1 19352 851070512 4832 660787824
0 7565
0 29511
0 12647
0 33551
0 28679
1 19698 818233917 30896 436414531
1 33388 50151742 38584 388805677
0 8723
0 14232
1 34534 87461846 37864 532584612
0 8183
0 19291
1 7474 818472768 15933 693201162
0 2456
1 1737 968774170 20254 262734447
1 10382 746316263 2586 813535484
0 18545
0 24604
1 19795 303557160 13676 548392652
1 3135 489163231 10660 497332922
0 15694
1 10401 440708217 30565 17734446
0 24864
0 6469
0 25226
0 19959
1 3963 206146781 30197 976389177
0 39832
1 36615 808967726 6871 251173912
0 11754
1 11790 418762997 22569 531809447
0 23194
1 28885 40794896 19211 893621393
0 33470
0 16075
0 20570
0 32002
0 6594
0 3475
1 37085 420001582 1496 933362295
1 25396 997498097 21529 328785813
0 16593
0 33869
0 17124
1 28040 620701044 1389 634953291
0 9223
1 31013 767652176 28139 325793021
1 36176 602124971 38571 702322879
1 29032 17090944 27630 503854917
0 31359
0 28670
1 17212 749155742 6156 325786710
0 3594
1 7771 954471133 20812 3461366
1 19907 954560566 6920 857348030
0 15032
1 3604 710655139 37488 812535144
1 13251 995188453 21178 70657598
0 2309
0 27676
