240
19
5 86 53
3 98 28
46 78 75
27 56 35
1 86 30
7 72 23
57 78 51
15 92 5
17 67 36
17 56 19
3 78 25
11 78 46
1 51 93
5 57 40
7 95 76
21 92 43
15 67 69
15 18 98
27 72 43
14
2 95 34
38 99 60
21 99 33
16 52 74
1 16 6
6 95 3
1 90 36
41 46 3
6 99 23
47 50 49
2 38 42
30 44 67
6 90 76
1 29 69
15
55 79 9
11 79 63
53 74 52
36 42 87
88 89 94
74 88 57
53 60 66
36 41 51
36 79 20
60 83 64
41 75 62
22 75 16
29 83 21
30 100 23
24 60 51
11
10 19 169
5 29 34
17 26 84
24 30 155
5 29 19
16 22 80
4 15 47
13 19 119
1 29 42
1 24 144
3 11 73
20
2 30 24
1 29 107
2 28 14
9 21 32
3 20 63
5 24 110
12 28 28
10 24 21
1 29 117
19 25 189
14 17 178
9 14 117
4 23 78
11 25 72
1 4 58
4 28 31
5 8 88
4 30 10
9 25 28
1 12 110
16
8 11 103
13 16 171
5 14 49
5 28 72
5 21 129
12 24 111
3 25 151
16 23 160
6 23 187
18 26 48
4 15 30
7 16 196
21 30 192
18 30 87
1 14 177
7 12 101
14
8 93 71
14 32 54
59 63 34
70 93 56
13 79 78
8 69 25
8 70 4
14 63 74
16 38 14
18 93 3
13 93 86
69 86 91
14 82 8
32 93 82
20
53 79 30
1 90 91
29 65 90
1 96 48
36 90 41
7 96 30
21 29 99
20 83 42
53 61 84
2 90 55
17 96 39
4 36 7
6 90 87
1 79 73
20 96 47
20 78 1
17 79 82
21 26 3
2 96 48
10 89 7
20
9 92 27
14 19 67
23 63 78
37 48 50
38 68 39
44 48 20
22 66 80
47 98 44
4 48 59
63 93 54
56 95 13
73 80 21
22 40 81
25 71 27
25 99 99
44 67 26
25 67 89
68 98 87
4 37 27
83 93 25
18
24 29 2
1 21 22
15 30 55
9 25 133
16 21 32
16 23 109
3 9 197
7 13 36
3 30 162
20 26 186
6 28 186
6 12 176
6 29 86
4 30 116
5 21 58
3 24 179
27 29 61
3 29 123
12
23 28 173
10 20 111
3 26 96
8 29 24
6 12 109
6 8 176
12 29 34
25 26 12
4 6 24
9 28 98
2 30 196
2 3 97
15
12 15 132
19 20 155
14 24 63
13 15 191
19 24 24
2 5 187
24 26 162
5 13 59
2 23 54
6 12 102
12 23 176
8 28 9
11 23 24
13 25 2
10 28 15
16
61 85 59
35 42 91
74 85 41
81 92 98
53 64 9
15 74 18
40 91 84
14 45 97
14 91 84
42 53 83
14 92 52
17 82 41
81 92 69
48 72 13
61 64 24
16 81 7
11
62 71 93
2 77 93
28 95 29
25 92 98
62 77 77
2 95 52
66 72 22
24 62 95
57 62 6
71 72 76
2 100 41
13
23 76 75
20 24 5
9 64 43
23 86 11
12 35 88
65 85 57
19 65 48
5 75 32
28 70 30
23 35 30
69 76 34
86 99 41
12 24 30
18
9 28 170
17 19 57
19 24 65
1 28 12
2 28 196
7 27 125
11 12 54
1 27 40
9 21 132
2 27 61
15 27 174
2 30 118
6 30 37
9 16 157
12 25 186
4 27 165
6 19 73
2 15 101
15
7 9 38
4 30 98
8 17 23
20 27 93
1 23 81
2 22 37
4 29 23
5 23 139
6 29 11
12 18 111
1 25 122
1 30 21
8 29 72
6 9 165
7 28 93
16
14 26 164
19 20 138
3 30 76
2 19 86
25 29 149
17 23 22
5 6 42
14 16 113
17 22 30
19 24 1
25 30 83
2 18 72
21 28 182
14 15 176
12 13 64
14 27 179
11
3 45 97
37 78 100
6 37 34
3 78 63
19 35 15
37 88 10
35 78 36
41 77 96
28 81 49
22 37 47
35 45 67
16
23 91 80
77 91 10
26 82 93
51 91 12
51 87 95
26 27 55
26 54 31
13 72 29
88 91 5
23 99 73
2 61 40
27 72 35
37 55 24
12 18 95
6 82 56
7 99 37
13
19 49 22
1 82 84
40 48 46
1 31 2
44 69 23
31 57 69
12 57 34
8 74 51
19 40 8
31 49 33
43 95 96
48 49 54
4 83 82
13
7 20 47
3 7 21
10 21 141
7 23 75
17 25 177
5 24 184
2 19 16
12 23 12
3 21 65
11 28 199
4 15 62
4 29 79
7 15 45
15
6 14 159
10 25 87
3 28 71
9 13 86
5 20 49
1 25 66
11 22 64
4 25 77
13 30 107
3 19 152
22 25 175
3 21 124
6 30 11
1 20 136
29 30 120
17
12 28 14
3 18 29
2 22 58
7 26 164
4 8 67
17 23 41
11 18 165
2 3 127
2 6 14
13 20 85
9 16 142
4 22 75
3 5 148
11 22 63
5 6 102
2 14 105
17 24 174
18
11 72 63
18 48 47
34 88 89
18 99 87
22 72 11
4 81 48
34 50 43
47 81 7
34 94 52
8 99 29
37 50 44
4 62 53
50 84 18
40 75 9
67 80 51
14 62 23
34 81 37
18 47 10
18
21 96 8
40 72 16
50 89 27
32 96 92
14 63 27
16 25 42
14 99 1
1 70 95
79 83 73
10 93 17
32 38 57
14 25 42
25 100 69
10 80 77
49 83 61
40 51 22
1 100 13
83 99 53
11
10 24 10
23 33 48
24 33 78
87 96 48
9 87 38
4 54 3
40 72 36
4 9 22
10 87 91
20 24 92
40 41 78
16
1 30 105
26 30 183
15 28 182
1 29 172
7 16 126
13 25 162
2 29 135
8 27 25
8 11 116
15 22 194
4 10 181
2 23 186
6 22 185
21 28 199
6 17 92
14 19 132
18
8 20 182
3 4 158
7 10 74
28 30 19
2 30 151
6 25 137
2 28 73
12 16 24
14 28 115
20 30 198
10 28 197
3 22 148
18 26 123
18 20 50
2 28 37
23 27 180
1 8 149
12 23 189
11
10 15 27
5 24 158
1 23 140
10 24 84
2 12 145
18 23 94
10 26 101
1 29 173
10 19 196
10 27 82
16 28 14
20
35 95 58
5 87 79
7 70 65
21 55 20
57 79 98
48 63 39
73 78 31
79 88 13
5 95 21
78 86 22
42 95 94
34 57 7
29 82 67
7 54 21
61 88 70
1 95 33
34 78 87
1 5 63
37 88 48
7 68 24
15
32 49 34
5 78 75
13 80 40
43 84 61
42 49 70
16 76 35
47 60 13
10 80 15
3 94 13
10 94 69
32 51 60
45 76 58
32 48 70
8 16 10
3 80 78
17
7 11 32
10 68 45
53 95 2
39 51 81
13 41 77
86 97 70
46 56 88
13 68 4
2 65 95
9 35 70
45 87 20
7 81 62
41 95 55
34 92 26
10 65 38
53 95 79
72 81 68
15
26 28 88
2 25 135
2 10 104
7 30 175
4 26 136
2 27 190
2 30 167
16 28 57
5 30 135
19 28 102
3 30 51
8 20 37
6 30 78
9 26 11
4 26 158
18
3 30 200
12 29 166
1 30 22
7 23 109
9 25 10
17 30 13
2 18 49
5 15 78
11 29 88
6 16 198
3 30 47
6 10 111
1 30 20
6 25 70
15 23 68
1 30 199
15 27 32
12 17 149
16
9 20 105
9 15 102
15 25 100
16 30 10
22 24 29
20 25 98
4 24 166
11 30 164
13 29 147
17 26 95
14 16 106
8 16 102
10 30 106
1 9 151
1 14 186
4 29 93
19
6 69 85
4 96 90
6 87 47
56 98 57
81 98 32
64 77 40
6 96 10
3 98 22
27 77 88
27 40 93
51 64 51
17 71 22
4 91 54
81 91 38
13 56 14
21 42 80
3 96 54
13 98 28
38 96 18
19
1 80 25
20 49 45
9 100 11
1 46 46
35 77 24
35 72 91
16 76 57
59 70 8
1 21 14
11 20 59
20 91 6
15 16 85
15 57 25
23 46 43
25 65 12
44 68 85
11 77 95
15 33 39
21 33 41
16
37 93 66
89 98 16
23 89 94
19 92 30
43 80 71
46 100 83
15 59 64
23 37 73
2 100 78
61 92 70
31 43 89
6 35 58
10 74 41
46 100 39
6 19 47
74 80 60
11
2 17 180
7 28 171
2 5 189
5 7 50
2 28 12
8 28 104
3 27 17
14 26 7
11 19 5
6 21 164
1 30 145
14
7 19 17
15 29 5
7 22 7
16 20 170
7 30 25
15 24 193
3 23 200
9 28 4
1 27 168
8 25 64
3 29 62
2 11 52
2 25 170
4 24 17
20
2 15 54
4 11 47
6 17 46
4 28 1
3 18 168
4 6 184
15 25 197
14 29 82
10 13 96
2 19 129
3 26 50
6 14 66
3 21 49
11 23 153
10 11 141
14 24 57
20 30 119
11 20 82
12 22 104
10 29 108
18
8 43 29
4 95 10
55 71 65
11 81 12
4 95 57
4 68 32
11 74 16
3 68 15
60 75 51
51 70 19
11 95 59
4 43 63
6 53 67
65 100 53
5 90 68
4 70 36
62 79 2
8 100 3
15
19 87 2
64 98 17
73 87 27
10 78 95
3 64 23
13 27 61
3 99 64
3 89 70
9 99 88
43 98 89
20 24 2
13 50 69
10 14 17
13 98 7
3 99 99
19
54 65 60
11 90 15
29 41 22
7 29 5
43 79 74
8 65 94
25 89 59
11 42 79
12 78 23
4 42 90
49 58 77
16 54 91
65 87 89
16 43 44
42 72 14
4 87 76
6 16 92
32 67 80
9 63 59
18
11 15 168
5 26 144
23 30 186
10 14 26
1 11 70
7 11 83
1 23 10
5 29 153
23 26 32
22 30 43
1 28 161
15 29 171
11 13 91
5 28 48
6 26 69
2 5 31
7 25 80
12 18 102
17
1 6 41
15 27 83
22 23 195
2 17 165
8 24 7
17 18 55
6 27 75
6 29 105
7 11 184
13 22 37
2 23 188
2 24 4
15 28 81
8 26 165
1 30 150
9 14 108
9 19 55
11
7 9 37
19 29 21
8 18 9
4 13 148
2 3 151
2 5 184
21 22 148
20 25 97
5 23 156
11 13 10
19 23 10
20
8 90 20
10 100 60
20 71 44
7 100 49
7 12 40
1 82 74
22 91 2
30 73 5
22 80 27
31 86 83
1 91 1
8 80 44
1 21 91
31 36 90
45 97 52
29 83 34
20 91 57
1 54 24
53 96 26
44 80 24
18
3 28 98
16 68 25
12 40 2
3 72 33
1 74 12
18 73 6
9 96 53
35 47 61
91 96 28
68 94 37
12 98 48
16 82 42
9 91 84
3 15 47
15 74 59
1 82 68
3 44 41
15 18 34
19
65 90 49
60 70 46
65 100 89
18 53 46
2 5 53
2 25 10
26 81 8
81 100 41
27 32 51
65 67 25
53 54 86
54 65 100
53 100 46
18 98 73
19 43 87
7 86 10
5 100 87
53 81 71
10 43 84
16
17 19 41
10 20 78
1 26 177
9 14 175
17 23 147
15 23 34
1 30 95
3 27 181
19 24 3
1 24 186
2 30 63
10 22 44
4 8 94
4 18 78
5 20 182
16 18 77
13
4 8 197
2 29 129
12 14 132
6 23 69
10 17 131
7 17 175
8 21 20
4 30 49
7 11 31
20 25 59
3 24 102
8 30 117
14 21 28
19
4 11 130
3 19 60
18 21 186
8 12 122
8 26 116
15 18 186
14 26 110
9 11 133
9 18 174
11 14 26
2 5 38
11 26 175
9 24 132
5 13 90
2 20 29
19 27 27
10 20 125
3 21 44
6 21 191
17
72 89 93
31 67 53
6 90 31
68 89 91
30 67 91
49 72 20
31 51 82
6 30 12
23 72 35
23 99 66
5 99 72
31 32 7
44 78 16
78 88 43
44 73 56
5 99 48
35 69 85
13
10 75 70
23 84 17
27 89 54
14 36 55
10 50 71
9 94 66
27 36 13
26 89 86
9 30 88
10 100 95
5 89 85
9 86 2
27 75 10
15
47 48 60
15 22 76
61 82 49
32 48 67
91 95 40
5 6 77
47 48 28
16 28 57
10 82 95
15 38 41
10 74 58
5 70 13
28 34 56
46 97 55
47 61 75
11
7 8 80
6 29 66
4 29 45
13 21 139
14 30 179
3 21 188
2 30 101
16 18 108
13 19 14
2 21 188
12 29 44
20
2 27 126
3 24 122
2 22 61
18 24 191
7 30 179
10 23 31
15 30 90
13 25 103
6 28 42
12 22 85
7 15 192
7 13 125
9 17 87
11 29 56
8 30 11
2 29 68
2 13 184
3 15 184
4 27 190
6 25 141
11
13 15 192
6 10 69
24 29 107
12 30 35
4 9 193
4 30 123
26 30 46
13 29 162
8 21 162
3 22 106
24 30 174
12
36 92 32
76 100 39
8 96 5
7 91 52
61 81 70
70 98 47
21 64 74
76 83 51
64 96 2
72 86 60
96 98 13
25 77 38
13
7 75 5
16 97 77
7 85 68
17 63 37
46 67 18
7 85 41
16 25 20
7 23 55
17 80 45
67 80 94
16 80 54
7 80 68
7 97 58
19
26 68 3
8 85 1
39 95 79
38 39 100
26 55 8
42 66 62
34 57 28
40 66 27
38 52 82
62 66 47
39 71 84
7 80 17
51 68 78
38 80 100
26 40 96
47 63 97
5 44 7
54 83 95
68 80 66
14
8 9 54
14 29 74
12 25 181
1 30 73
4 6 72
7 26 119
3 17 116
9 17 122
4 30 168
11 23 85
1 30 109
1 30 44
11 23 92
19 20 82
17
7 27 160
26 28 79
12 27 194
16 30 67
13 16 186
16 30 70
22 27 178
10 14 22
8 23 65
1 9 98
12 29 114
7 30 15
11 25 119
3 28 62
7 9 165
9 12 28
7 20 50
16
23 26 69
19 23 133
5 16 30
11 14 144
20 26 110
16 28 180
14 19 42
17 23 6
14 17 34
12 14 35
10 19 139
2 11 165
16 24 157
19 21 172
10 11 40
10 18 153
16
22 75 61
49 93 81
7 89 37
4 83 94
49 77 90
89 93 9
19 97 55
23 65 81
4 97 83
45 97 90
24 74 64
22 82 77
83 91 63
54 81 48
23 89 70
22 80 30
14
63 96 47
3 19 11
60 83 41
3 80 45
31 83 34
52 60 95
3 80 61
31 89 50
19 84 7
3 89 57
19 78 3
19 33 49
19 96 87
34 60 27
13
2 98 86
64 66 43
17 41 1
30 57 58
13 44 17
4 57 97
54 82 62
59 82 13
45 64 51
9 100 90
82 98 84
44 63 100
4 9 44
13
7 15 10
19 27 78
12 14 174
6 27 187
2 23 52
1 23 154
2 26 43
21 23 178
4 30 77
4 21 72
3 8 189
19 22 21
6 26 104
13
13 17 142
3 27 193
13 21 146
1 25 140
5 30 117
9 23 145
24 25 168
2 28 108
1 29 128
18 28 183
16 20 87
1 30 181
11 13 164
14
15 28 123
5 22 191
10 21 87
15 23 54
5 16 162
6 26 41
5 13 24
15 18 62
12 19 195
19 30 158
4 13 145
17 30 188
9 12 128
5 26 132
20
25 42 81
34 62 26
12 69 33
1 8 60
34 85 19
37 63 8
11 83 39
7 78 65
58 99 99
1 88 64
11 23 93
23 60 32
69 80 23
37 99 39
12 80 6
7 47 59
7 11 47
3 93 82
6 35 3
59 93 33
13
20 23 66
2 64 14
67 75 34
2 75 97
7 97 18
39 79 57
20 76 26
20 52 12
46 47 50
7 64 15
12 92 20
39 67 58
7 96 78
13
46 80 82
7 80 21
21 52 83
7 80 60
6 81 33
6 82 70
76 92 60
33 92 97
34 88 33
20 21 19
7 81 26
33 67 29
6 54 41
16
6 30 197
7 10 81
10 25 150
8 24 110
2 20 58
12 27 90
13 14 160
12 17 85
2 8 165
16 24 57
2 30 80
7 26 185
4 30 122
16 28 27
1 29 12
15 27 64
18
11 13 7
22 28 91
10 13 8
7 9 64
7 28 144
4 14 80
1 29 1
11 21 28
9 17 191
16 27 6
19 20 112
2 29 182
5 28 13
12 29 31
10 29 108
20 26 123
2 9 66
18 28 28
11
10 26 91
10 29 97
9 13 160
14 24 141
3 8 105
16 28 87
12 19 146
8 21 69
29 30 86
3 18 113
14 23 12
15
10 84 33
22 69 84
1 2 100
2 34 15
5 95 54
5 79 50
14 93 18
2 69 1
39 99 41
17 99 27
1 34 61
14 61 32
10 85 86
14 39 55
23 99 37
14
53 92 6
72 89 49
61 99 90
48 99 28
66 83 61
48 97 92
30 91 8
1 84 78
45 84 93
48 57 19
20 83 33
4 92 4
35 97 60
1 93 39
11
7 85 76
10 60 83
52 85 75
10 44 79
12 85 34
66 90 18
55 66 93
49 52 55
30 60 21
12 88 28
27 78 63
14
11 28 147
1 24 173
8 10 3
1 30 36
9 14 5
4 11 150
12 28 104
1 27 25
1 26 4
3 24 19
5 20 32
2 27 22
6 28 117
1 11 55
11
5 6 6
2 30 107
8 15 10
24 27 34
3 30 190
19 30 8
2 27 39
8 28 13
11 15 129
7 20 183
5 15 97
19
7 25 95
11 30 104
3 5 90
18 25 79
24 29 86
7 15 76
2 28 170
7 10 96
13 21 153
11 30 11
17 24 181
11 23 55
2 19 69
6 20 105
7 27 101
4 25 49
2 11 110
2 30 1
12 28 124
20
16 97 51
2 49 29
2 75 85
73 88 12
72 99 1
55 73 64
55 93 27
4 49 19
26 31 49
26 97 78
7 81 18
26 99 54
51 83 19
8 37 87
4 78 71
72 94 87
62 69 31
1 97 37
14 73 97
33 72 65
15
14 89 73
21 96 37
19 21 70
35 75 34
6 75 1
20 45 92
13 96 44
19 96 22
47 76 19
24 46 18
25 98 87
14 98 22
24 89 50
35 76 63
6 86 48
13
22 43 88
25 87 34
17 32 84
3 93 8
19 84 13
29 43 52
2 80 64
32 43 13
2 19 82
7 22 89
17 40 5
19 87 15
12 25 12
17
6 12 27
1 12 39
13 24 43
21 25 58
6 29 22
12 30 104
3 27 44
1 28 200
16 22 14
5 30 77
19 20 50
1 19 19
12 25 169
2 29 99
10 30 76
26 28 87
14 28 61
12
12 24 91
2 19 57
17 21 133
5 30 135
4 17 153
2 20 73
5 12 172
1 28 199
2 30 86
14 26 98
4 13 33
16 18 184
18
10 30 53
11 25 187
3 5 91
4 28 164
11 18 87
11 29 85
8 29 122
7 27 20
13 16 4
7 28 139
20 27 39
11 30 145
9 24 81
9 14 35
1 24 127
11 30 147
1 7 44
8 29 113
19
3 100 44
4 29 11
52 100 42
23 98 52
75 98 60
18 87 46
2 99 65
3 52 95
97 100 14
12 75 90
30 87 37
2 100 37
71 92 78
3 90 37
2 92 70
2 21 29
2 78 28
46 99 73
30 98 4
15
18 48 65
18 73 90
15 89 9
21 89 8
13 73 87
24 99 85
21 68 77
21 99 85
2 76 35
6 88 35
25 28 64
6 27 74
24 88 30
27 100 78
2 89 42
12
65 96 91
65 76 30
56 76 59
19 22 31
2 42 65
13 94 97
52 94 31
48 89 58
65 74 39
52 76 95
48 96 30
52 89 20
17
1 30 128
13 29 96
3 6 167
10 23 109
4 28 104
2 30 63
13 22 1
2 12 147
2 21 29
2 27 200
25 29 121
8 9 188
13 27 34
20 29 36
6 8 187
19 21 104
9 28 141
17
14 22 186
3 29 14
5 26 13
8 24 133
7 15 72
1 23 105
2 24 140
6 30 78
12 29 182
2 8 122
2 3 67
2 30 73
9 25 176
1 25 173
8 13 41
17 27 73
4 27 10
16
25 30 64
17 25 45
2 18 118
10 27 136
23 26 9
13 16 184
19 25 156
7 19 196
15 27 20
14 23 181
5 18 106
21 22 100
1 27 23
10 16 110
2 28 194
5 10 156
15
80 100 29
10 52 63
11 50 5
3 82 42
4 88 14
38 77 50
10 69 65
37 43 33
69 100 42
11 91 82
31 91 93
3 100 55
3 100 79
56 75 63
3 80 10
16
2 63 91
7 51 42
36 59 15
2 74 2
63 76 85
2 55 6
41 53 55
19 81 47
7 35 5
72 84 32
27 83 52
51 69 34
58 69 71
39 58 53
35 39 94
74 81 6
18
15 74 35
30 38 14
19 51 7
38 40 5
16 36 83
16 19 30
40 80 90
9 15 53
14 15 97
14 16 48
55 67 84
11 28 74
10 67 25
21 58 85
6 91 56
10 100 9
9 92 95
14 80 8
16
3 23 91
3 29 25
12 27 160
11 29 186
2 17 110
2 28 195
15 23 102
2 28 110
1 12 56
16 24 163
17 28 155
5 23 185
6 27 139
4 28 77
1 30 59
2 8 192
16
4 28 147
6 19 8
10 25 63
5 27 177
5 29 132
15 27 68
2 27 6
3 22 35
20 30 45
20 27 36
19 29 41
4 28 172
8 18 33
7 30 77
7 11 13
6 14 185
18
12 20 186
1 28 20
4 29 16
19 26 51
7 24 43
13 17 167
16 19 199
9 12 28
6 16 40
16 27 25
16 24 148
8 11 67
2 11 25
7 29 15
9 14 131
11 26 9
14 17 107
23 28 178
15
9 91 24
36 66 55
19 60 20
8 60 56
36 49 99
11 91 14
9 87 68
15 45 84
56 72 89
11 87 54
1 60 4
47 96 36
9 96 25
47 96 38
11 32 50
17
30 79 2
10 99 99
1 37 42
28 32 25
7 91 65
14 59 76
37 74 97
10 32 85
7 96 34
1 41 56
10 50 55
1 60 46
14 41 46
10 24 49
1 96 13
1 96 48
32 37 42
13
18 87 50
18 81 53
44 89 69
54 65 34
31 54 28
42 62 27
10 44 93
46 68 58
13 44 91
13 51 34
10 47 30
3 18 87
6 89 56
20
5 21 113
3 30 193
15 23 19
10 15 11
22 27 68
7 30 10
6 27 95
2 23 177
10 27 163
2 24 70
14 17 56
18 24 8
1 30 124
1 15 135
2 23 8
5 6 169
3 17 141
2 12 193
1 24 183
3 24 56
20
14 18 196
29 30 3
5 27 78
14 20 12
3 21 171
6 25 140
25 28 80
18 22 73
3 30 55
16 26 63
7 25 162
9 14 30
2 20 170
3 22 175
20 30 141
1 30 88
3 28 124
5 26 174
4 26 62
1 29 177
14
5 24 197
10 22 178
6 22 148
1 8 122
23 27 15
5 14 102
2 25 177
4 8 150
7 13 11
7 12 187
27 30 21
11 19 93
16 24 50
23 25 187
15
32 35 31
16 97 98
32 97 33
66 97 23
15 29 83
16 32 17
32 98 61
35 62 66
35 98 12
4 76 88
16 22 57
38 97 1
15 61 12
29 78 70
47 92 53
19
20 45 37
51 76 74
21 27 100
2 98 80
50 80 39
85 88 67
27 91 13
5 55 43
4 89 13
51 88 80
9 81 31
10 82 61
27 100 11
11 97 53
9 54 76
2 100 97
20 100 50
2 97 56
10 88 70
14
19 53 42
57 75 59
57 67 16
95 98 15
45 75 91
3 95 97
53 91 9
3 28 51
47 63 62
45 72 51
72 91 92
3 19 27
1 53 58
1 3 28
17
18 29 179
2 28 75
6 28 135
6 30 185
10 25 146
3 29 149
8 18 40
6 19 166
5 30 175
7 23 3
1 30 179
8 11 160
8 29 93
12 18 108
9 30 124
6 7 175
18 24 102
11
14 26 139
2 10 113
4 27 67
14 28 45
6 22 156
1 29 48
8 12 156
7 23 31
11 27 5
6 20 58
12 16 111
12
26 29 197
7 18 63
12 14 108
2 29 63
6 7 111
8 12 18
12 14 200
13 18 5
4 6 14
2 3 125
15 28 105
7 21 163
14
2 97 14
22 71 90
2 39 52
5 82 95
82 95 39
39 69 64
22 89 59
2 69 16
48 83 56
84 87 93
22 97 43
48 80 40
36 48 38
83 96 58
20
14 92 44
25 44 86
6 70 35
2 20 91
16 66 64
53 80 51
27 32 57
11 73 43
21 66 53
6 99 64
10 73 66
10 86 20
2 83 54
20 36 30
14 55 24
25 36 86
44 98 61
55 90 73
14 90 84
38 99 12
17
5 39 98
11 98 18
1 39 67
27 33 44
19 44 29
7 71 59
30 98 67
30 89 81
23 46 53
18 73 34
30 82 35
75 89 93
5 100 37
35 49 9
3 45 57
12 19 77
33 68 91
12
1 23 197
1 28 141
9 29 127
24 29 113
8 28 84
2 30 20
2 24 180
2 7 136
20 27 165
10 11 55
8 30 175
14 17 31
13
10 29 131
14 29 43
10 16 126
4 29 145
10 27 77
15 28 164
8 28 128
4 16 183
2 27 109
1 29 139
4 18 199
26 30 57
16 26 3
13
4 13 29
27 30 57
19 28 21
8 28 148
1 18 82
9 10 191
22 26 81
27 29 80
2 20 88
19 28 90
3 24 33
20 21 72
2 10 141
11
1 3 51
9 90 96
1 38 3
9 21 20
3 90 87
28 90 49
67 81 59
3 91 8
2 38 16
9 81 43
1 91 84
18
68 76 98
24 91 52
13 88 75
20 88 10
38 95 29
15 66 1
64 70 7
3 100 51
12 97 83
14 84 34
8 100 52
12 88 21
20 95 66
16 100 52
3 99 73
15 88 31
84 88 88
12 99 15
19
39 74 75
61 93 13
17 18 86
94 99 84
23 72 91
29 45 77
38 72 18
18 100 27
1 85 58
23 44 56
32 93 1
25 44 37
6 94 62
37 85 26
46 72 64
11 82 42
79 99 20
32 70 41
18 26 29
12
13 25 118
2 23 118
1 14 155
9 23 68
15 23 93
4 7 109
1 23 50
7 25 21
2 11 61
2 28 42
28 30 132
4 25 31
16
2 28 32
18 28 99
14 24 144
25 29 52
5 23 53
3 30 74
10 16 86
1 25 127
3 28 59
11 19 41
12 28 167
17 28 156
2 16 30
2 29 86
3 25 166
1 9 113
12
8 26 57
5 9 136
13 21 146
5 7 186
9 10 104
3 14 60
9 24 89
18 26 126
9 18 43
4 7 156
12 18 141
8 27 81
12
66 89 62
53 69 38
89 90 37
16 49 93
7 93 18
9 93 48
18 24 92
3 72 65
3 90 28
7 81 45
53 69 20
9 83 72
16
87 97 29
22 98 49
46 84 58
2 86 32
26 42 38
85 98 36
2 89 97
6 98 86
1 99 10
9 97 93
9 85 51
6 87 19
22 79 91
6 22 30
2 26 77
35 89 11
16
9 86 48
61 67 100
21 90 53
17 41 13
9 83 32
27 99 52
30 71 97
7 18 91
30 47 83
17 90 43
17 27 43
1 86 39
13 90 61
22 33 68
22 40 22
21 83 45
19
13 27 90
4 25 100
15 26 134
1 30 76
15 30 170
3 15 160
21 23 172
1 30 139
1 28 61
1 29 105
1 30 125
1 22 44
9 11 173
15 26 20
12 24 81
2 21 155
24 30 99
23 28 21
17 26 107
11
7 26 186
2 21 110
21 23 106
5 29 30
18 23 49
15 24 129
3 30 35
14 17 134
1 29 106
8 16 164
26 30 25
16
7 12 98
23 27 3
14 17 184
25 28 32
10 22 112
13 16 117
1 20 141
8 16 53
9 22 172
16 26 123
14 15 75
10 29 50
19 22 98
11 14 156
8 10 102
8 20 84
19
11 93 15
9 83 1
11 59 76
11 63 17
77 81 9
3 93 18
21 100 72
57 83 50
7 77 49
45 97 15
29 69 90
27 63 36
7 29 2
43 69 55
9 93 8
3 63 9
59 86 52
9 93 50
13 43 32
12
42 81 22
45 77 53
45 63 98
17 86 1
31 86 62
12 95 89
7 96 10
26 89 2
68 81 44
17 71 68
71 86 65
7 95 93
15
40 44 79
5 63 19
2 56 94
5 44 89
27 43 27
1 48 5
33 44 77
5 26 24
42 48 5
81 86 83
1 35 27
20 33 39
55 56 92
27 35 79
27 33 10
11
5 18 88
1 30 42
1 6 173
3 22 138
27 28 109
1 30 186
6 22 5
12 30 197
11 13 127
10 29 88
13 21 10
13
17 28 127
8 24 99
19 24 36
3 29 97
3 28 82
16 19 87
8 20 35
14 28 113
2 26 152
5 28 162
2 23 24
8 11 163
1 29 156
11
5 17 7
7 15 88
7 27 126
4 30 160
23 26 24
5 19 176
4 12 89
2 20 64
18 30 26
3 8 134
5 24 68
11
36 91 16
4 96 76
36 91 3
8 100 92
52 97 23
18 96 15
18 87 34
40 68 27
18 96 51
36 80 77
59 98 52
13
43 71 96
10 50 31
23 57 64
43 71 96
5 87 17
10 99 60
12 50 91
10 86 23
55 85 57
5 98 24
20 98 18
12 71 3
12 87 34
11
45 93 49
14 98 87
37 93 68
52 93 94
11 33 100
49 94 98
37 99 32
9 31 92
31 98 81
41 93 33
31 36 29
14
7 27 112
1 26 31
2 30 77
3 8 176
6 27 25
3 15 56
1 30 199
14 17 32
16 28 64
20 28 92
2 22 151
26 27 46
6 30 70
13 17 99
19
22 26 55
5 20 111
16 22 61
12 20 44
1 20 108
10 29 151
16 17 101
5 6 99
11 28 168
3 23 18
1 28 97
1 7 8
8 29 143
19 26 98
17 28 1
7 28 61
6 30 162
4 27 83
3 12 178
11
2 15 50
8 26 146
1 26 153
2 23 95
23 27 145
9 27 97
19 24 157
2 28 118
13 16 153
27 29 130
3 22 51
11
5 15 16
24 62 47
15 96 74
55 94 83
80 96 18
40 80 17
33 87 59
62 91 55
9 96 64
40 87 42
41 91 34
15
16 98 18
2 47 57
80 98 96
2 79 90
48 92 85
91 98 6
9 96 100
66 69 57
9 96 92
2 91 60
74 97 20
26 85 8
44 74 77
74 97 97
7 85 11
13
9 23 74
19 26 8
53 91 27
25 34 70
23 53 76
50 65 20
25 86 88
82 88 46
19 97 85
9 34 11
23 65 18
53 82 44
86 91 65
18
1 30 178
14 25 124
2 29 108
1 26 88
7 21 114
5 9 199
1 18 161
1 28 78
17 30 73
3 19 189
8 22 81
1 2 11
5 30 166
3 26 141
14 21 27
13 26 105
14 30 51
10 22 69
16
16 27 90
3 22 78
13 16 110
4 28 121
10 29 86
6 10 26
10 12 5
14 28 61
8 29 63
3 27 132
8 29 88
3 7 198
3 29 83
26 28 199
11 21 18
9 29 7
13
19 26 29
8 24 89
4 29 152
1 17 35
6 29 74
15 29 23
1 5 105
12 20 55
12 22 73
10 28 31
2 21 107
28 30 12
23 29 200
12
72 91 35
33 87 36
2 91 24
2 80 28
3 91 55
5 96 54
2 43 9
2 25 26
5 98 97
5 87 29
43 80 37
3 99 47
13
55 100 37
65 82 19
26 69 44
5 89 24
73 89 1
8 94 1
26 47 2
43 47 56
44 94 22
30 81 75
7 100 98
7 55 34
55 89 82
13
28 49 27
8 27 52
49 70 61
32 78 38
4 36 59
32 93 22
88 98 70
8 78 19
25 42 37
24 57 42
24 26 15
24 27 92
61 98 97
12
1 28 12
2 30 22
6 12 43
1 5 113
22 27 183
1 27 19
3 20 160
4 14 126
14 20 17
1 11 14
9 30 18
4 10 143
14
14 22 156
1 12 20
14 29 2
15 27 20
1 21 131
6 7 57
3 30 25
1 29 190
12 23 8
5 22 150
7 25 178
2 30 49
10 26 17
3 5 45
20
14 17 152
2 25 160
2 22 185
14 16 174
2 18 133
2 21 83
11 15 12
16 26 12
22 26 29
11 12 73
25 30 120
11 14 103
3 12 5
19 27 28
7 23 191
15 30 73
11 29 110
22 28 105
4 19 2
2 29 94
16
62 69 22
49 98 73
1 90 42
1 79 93
1 94 29
1 98 99
49 79 87
52 89 19
1 99 49
1 99 90
6 46 41
68 90 63
1 99 68
51 97 91
2 99 39
4 79 87
20
8 65 47
18 22 35
87 96 16
20 86 41
14 49 16
54 65 59
11 86 23
7 100 71
61 93 77
1 99 24
1 71 95
13 69 94
11 100 23
19 51 21
15 99 65
78 88 90
4 99 94
43 93 79
62 93 1
14 62 92
20
22 29 21
39 51 49
36 88 73
32 69 54
9 51 14
76 96 43
33 67 48
29 82 89
17 42 68
1 2 5
4 29 72
43 81 67
32 39 84
39 96 19
43 58 18
22 88 36
1 76 45
6 100 60
39 58 62
65 100 62
16
29 30 47
21 28 13
1 30 196
8 27 115
5 16 184
17 21 19
16 24 63
13 24 175
4 29 88
8 15 49
2 30 85
6 28 23
12 19 171
11 21 118
2 6 197
2 28 167
18
4 23 12
1 30 186
5 29 73
3 26 74
5 26 110
25 30 84
5 16 7
1 22 76
10 26 72
10 15 191
5 24 148
22 26 140
10 19 23
7 19 69
18 29 15
4 30 167
7 27 157
18 21 117
18
4 9 100
10 23 90
11 21 37
6 24 129
4 28 151
14 21 55
7 28 19
1 24 37
4 20 135
8 11 60
16 22 40
1 11 22
20 21 67
6 28 16
8 10 190
20 23 165
8 17 51
2 18 83
14
75 94 27
20 63 66
20 35 80
39 75 68
4 87 11
35 36 69
35 77 20
43 63 36
6 77 85
43 75 18
4 87 35
39 87 59
6 94 51
4 87 96
12
8 47 78
37 43 30
33 58 8
8 80 96
8 83 20
76 83 37
45 83 59
49 53 85
47 93 6
1 94 70
63 90 33
36 45 83
19
16 38 92
34 79 88
86 98 8
39 67 67
7 73 90
10 34 32
21 39 11
57 73 94
66 86 34
25 33 1
10 50 10
26 100 26
9 27 40
21 39 71
2 36 13
5 10 45
26 66 52
28 87 25
16 58 60
20
1 27 20
2 25 29
10 13 54
8 16 46
15 19 16
5 25 80
6 29 124
16 22 127
5 20 52
7 27 63
7 15 155
25 29 38
2 27 60
3 25 155
1 28 68
17 25 184
4 22 113
10 29 72
8 25 9
28 29 75
18
1 29 2
22 24 192
3 29 51
13 23 158
1 29 177
1 7 160
3 18 24
2 7 48
6 19 56
7 20 130
13 17 155
8 23 160
2 30 78
4 17 70
3 27 43
1 20 155
14 24 167
1 30 169
19
10 26 126
5 28 7
21 28 161
23 27 72
3 13 101
16 28 123
6 18 165
7 14 71
13 24 190
7 24 110
15 20 151
12 16 199
7 8 28
21 29 15
3 22 177
1 23 174
5 10 151
16 21 60
3 9 182
12
16 70 43
26 95 91
15 72 36
15 16 20
1 72 84
1 39 6
1 32 96
39 67 90
11 76 35
1 72 53
31 78 27
15 92 3
20
37 57 84
28 35 57
28 81 40
28 45 81
37 78 37
8 95 56
27 65 34
35 75 2
2 91 43
2 95 1
2 73 55
38 75 2
7 87 25
45 91 35
39 60 69
39 65 5
17 94 65
73 77 6
39 55 73
7 77 78
19
34 92 96
13 39 14
24 86 1
76 84 90
40 61 61
32 79 76
40 98 89
55 62 59
16 86 84
43 90 50
82 87 21
82 90 96
21 39 48
34 54 97
27 77 39
35 42 19
86 87 77
40 54 1
76 87 18
17
4 20 98
3 30 118
4 26 165
3 21 13
8 27 61
1 22 100
3 9 70
12 27 46
5 16 198
2 18 67
16 17 10
3 30 3
19 25 103
3 9 177
25 26 20
2 12 141
1 25 31
14
1 29 71
18 19 69
19 28 87
9 18 97
3 30 51
4 28 153
22 23 130
9 10 101
3 13 41
5 30 23
8 28 171
2 5 15
29 30 39
17 24 12
17
7 30 148
9 23 52
3 28 133
23 27 33
7 10 25
10 21 199
1 24 169
29 30 184
14 22 22
4 5 185
3 26 24
10 20 12
3 7 136
18 26 180
5 10 159
6 7 149
5 29 69
16
12 90 87
12 81 83
20 34 82
66 97 39
10 45 99
53 82 56
6 82 90
35 52 46
5 97 12
11 99 65
60 61 31
39 65 66
20 65 14
61 70 8
34 60 62
3 52 100
20
80 92 72
57 74 67
8 74 64
2 74 39
13 67 43
33 47 2
29 81 29
8 100 95
5 7 94
68 81 7
26 46 68
13 89 84
13 100 40
5 29 60
29 59 46
13 62 61
2 57 24
51 74 88
6 71 69
5 71 8
16
81 92 77
13 19 21
13 19 68
8 90 15
13 19 91
13 93 31
5 58 87
46 90 14
13 90 49
5 48 40
8 92 36
28 59 100
15 69 14
28 92 56
47 81 87
6 48 83
11
7 28 30
16 26 122
1 26 105
9 20 116
4 24 47
5 21 98
16 27 164
15 24 19
5 24 157
14 25 40
7 10 190
19
1 7 132
11 12 188
8 19 103
7 29 102
7 15 151
9 19 114
8 18 85
2 30 41
26 28 32
25 29 22
3 26 78
12 16 90
1 25 149
1 27 156
5 9 94
9 28 34
8 25 121
1 23 153
2 28 58
17
4 6 100
2 10 178
6 25 19
1 21 119
1 10 74
3 13 120
9 16 153
14 15 26
1 27 130
2 3 187
12 28 78
13 17 105
17 29 75
5 29 146
18 24 80
2 25 184
8 9 9
85
4 694 143
801 980 296
228 939 49
62 920 197
390 865 73
238 254 154
177 971 226
333 865 127
646 885 3
389 971 284
49 621 164
118 177 33
428 779 74
49 837 119
401 411 90
411 830 211
11 749 180
4 848 234
592 719 141
514 654 39
214 885 299
498 927 82
197 716 161
15 980 33
182 837 203
11 996 58
205 924 300
284 920 44
150 394 77
38 920 75
120 487 194
205 779 82
59 801 33
257 840 95
11 980 218
148 997 172
11 992 112
351 798 15
228 889 8
389 716 196
41 936 212
824 830 74
15 59 115
801 871 160
572 844 28
351 682 108
15 997 113
62 908 171
330 939 267
135 922 293
513 865 289
38 992 4
322 428 120
367 828 197
4 763 19
150 971 88
15 980 163
182 965 45
157 312 27
268 801 235
62 775 145
88 992 1
126 389 236
425 630 231
275 702 184
28 878 260
278 920 135
323 971 219
284 525 228
38 351 273
592 830 248
18 513 118
228 954 254
49 972 276
728 738 238
148 837 24
11 936 237
295 493 193
11 68 10
284 698 58
4 874 277
413 698 212
391 763 114
118 712 153
167 424 225
64
146 501 138
283 985 23
630 667 194
475 821 167
302 766 61
17 911 298
117 933 167
110 986 10
77 476 212
354 598 268
501 737 207
689 821 181
276 572 144
284 883 194
154 911 134
17 986 99
110 972 31
3 772 45
737 949 110
67 694 143
129 911 2
325 348 246
47 284 234
667 902 93
136 535 51
3 689 300
88 883 173
136 737 157
94 421 288
372 473 85
77 490 123
29 772 186
136 949 100
47 706 7
354 821 177
67 859 18
40 473 180
410 610 32
535 603 131
47 256 142
3 835 30
363 701 3
3 701 96
439 656 101
29 528 15
330 751 220
196 985 214
146 501 131
129 188 15
47 985 27
29 737 61
449 598 171
726 859 249
47 927 85
295 772 267
17 498 102
129 701 137
331 708 297
109 772 137
303 934 50
439 835 16
325 667 261
296 476 18
3 751 91
74
208 447 31
207 236 208
295 341 155
453 728 156
337 453 190
934 939 222
208 566 25
399 796 14
207 909 87
679 847 243
933 973 59
276 595 24
851 924 70
851 975 243
208 806 68
139 232 167
54 726 295
10 206 198
2 236 246
414 420 12
2 786 247
639 882 142
346 399 243
531 957 251
531 774 97
762 863 216
54 493 112
475 865 20
79 403 15
462 615 5
518 982 105
106 728 176
612 847 68
316 847 203
818 973 158
165 293 279
863 941 146
132 917 211
503 958 24
10 618 206
618 987 269
618 987 182
818 934 61
60 281 30
102 841 59
394 420 37
206 774 245
102 447 28
232 784 231
295 438 112
201 374 231
812 851 286
711 882 119
135 937 128
527 865 106
79 232 59
438 934 150
337 741 242
29 566 107
188 937 110
281 342 257
192 420 102
29 54 122
146 316 135
134 278 96
516 527 110
173 912 259
602 732 36
276 933 4
102 917 186
805 841 240
232 278 81
295 806 244
135 806 241
88
154 854 835
545 556 244
790 984 454
208 537 289
767 983 693
120 517 930
5 938 69
164 625 450
80 797 345
677 926 586
346 430 191
5 944 630
492 975 221
25 858 866
738 914 552
243 601 647
3 961 529
505 911 907
153 683 929
235 998 458
196 764 388
6 1000 971
75 647 715
67 548 579
183 671 68
758 908 341
406 650 19
338 350 877
50 976 299
410 846 238
177 477 33
10 664 518
114 905 640
359 982 148
103 582 682
439 732 991
255 996 300
72 986 382
713 830 37
675 896 258
459 934 334
12 974 455
4 64 602
209 458 995
21 103 499
938 953 19
301 427 199
489 860 921
235 830 90
317 926 338
98 992 124
435 891 833
279 567 789
1 962 353
139 534 807
290 648 220
2 1000 282
246 525 365
9 938 991
291 886 812
148 860 415
684 982 538
73 360 344
54 962 826
56 841 129
110 944 288
278 906 645
138 764 148
124 867 529
110 924 176
69 846 995
45 433 23
320 648 713
108 483 18
20 515 933
198 967 308
62 994 513
370 759 395
761 991 225
221 989 92
296 910 39
81 741 187
47 130 722
144 594 80
21 901 964
378 708 533
398 993 654
7 960 312
95
424 824 19
748 917 463
61 562 853
93 254 391
455 699 113
320 732 544
425 436 859
370 711 391
6 660 44
370 696 707
498 947 283
145 906 310
175 774 901
350 796 172
50 134 834
219 642 589
108 705 964
39 688 318
45 657 947
84 512 438
528 630 934
406 633 400
369 735 332
362 501 921
8 999 382
196 738 641
28 966 347
616 721 432
49 938 432
78 997 100
69 432 581
212 833 599
91 953 264
454 478 427
137 684 535
63 895 996
53 906 705
756 816 872
13 802 535
113 249 89
3 988 240
41 266 623
90 987 547
512 832 264
161 818 945
7 999 775
448 915 990
315 711 905
253 962 838
249 986 86
146 772 88
114 310 481
9 964 311
5 992 615
836 987 311
313 466 782
107 925 19
191 993 17
312 960 263
1 807 190
170 522 543
18 948 608
89 969 983
289 634 579
348 852 526
9 913 358
527 904 70
180 955 366
122 999 469
40 512 561
107 958 730
380 943 920
652 920 400
77 660 70
204 749 841
122 934 10
18 112 702
66 923 908
52 986 180
65 382 411
530 707 335
122 545 390
514 764 762
774 824 760
853 946 350
440 686 492
438 820 21
541 860 605
71 928 610
282 929 652
234 882 272
31 807 307
147 546 422
86 762 895
113 223 9
67
288 881 110
795 947 131
67 247 87
95 362 48
311 654 52
623 952 323
70 927 981
232 972 403
130 190 649
47 364 9
244 313 649
191 775 443
609 905 690
343 703 403
708 742 713
145 683 665
467 961 86
284 800 318
413 554 859
202 811 222
211 475 818
249 859 8
505 653 968
199 342 23
96 941 730
85 809 764
825 904 724
55 910 7
579 608 771
161 437 581
11 371 56
581 828 656
187 586 161
154 927 359
176 375 651
183 258 736
7 21 991
268 745 45
103 847 4
635 874 164
454 645 887
824 861 819
10 517 404
29 516 683
691 739 57
300 390 239
321 477 597
417 467 216
519 863 62
218 392 49
198 381 45
58 267 869
86 926 230
841 954 97
523 693 140
434 579 439
169 910 759
117 728 527
333 942 46
159 746 437
539 794 986
158 191 44
59 595 321
435 640 627
310 737 671
240 876 104
409 666 13
77
72 650 268
136 785 270
222 941 255
514 800 162
122 929 283
396 957 118
33 921 6
269 797 244
81 718 82
184 670 282
60 961 25
85 955 119
294 705 180
254 669 191
163 785 198
630 942 251
60 550 79
178 811 62
179 301 76
101 944 109
128 418 203
336 584 90
318 701 15
636 739 210
407 584 167
179 955 151
136 822 85
436 692 111
162 655 179
101 508 151
33 450 107
412 442 262
633 795 90
458 953 93
458 718 236
143 953 254
406 852 211
650 785 166
81 942 166
184 418 293
271 899 175
78 387 293
398 700 61
21 957 62
318 328 188
797 941 35
64 620 206
436 673 127
233 826 69
101 953 2
436 718 86
79 797 277
273 388 115
293 591 162
25 957 185
396 618 245
122 143 296
261 388 71
63 64 84
523 630 265
388 396 112
636 957 83
633 705 140
79 550 123
514 672 178
72 436 240
336 514 14
141 904 63
85 636 199
263 929 145
369 594 89
494 514 60
271 739 298
636 852 264
25 136 175
515 785 166
63 961 23
52
179 353 280
51 402 231
439 495 106
14 47 277
80 932 236
402 608 104
98 520 135
455 992 234
80 353 77
278 859 190
46 936 8
234 479 150
266 993 195
14 932 287
159 416 11
227 887 90
721 835 37
47 455 3
119 657 163
202 992 1
507 992 180
51 496 202
331 671 255
353 869 187
63 992 219
227 500 146
519 879 127
98 869 77
756 796 17
555 924 46
46 897 36
119 895 214
149 519 262
63 993 285
80 923 12
119 775 277
149 273 36
80 913 75
47 993 27
671 923 21
362 455 246
219 924 108
650 796 162
362 973 197
331 973 251
354 496 35
286 671 290
51 859 152
217 689 276
159 671 171
362 973 241
46 292 67
90
785 934 36
304 737 46
554 614 234
32 359 60
129 714 157
48 614 228
118 493 86
48 109 255
699 762 87
994 995 75
497 775 53
7 364 50
243 526 154
155 726 102
111 152 162
467 710 82
637 934 46
719 760 247
95 637 12
890 928 11
376 949 140
169 749 24
113 221 136
398 699 140
473 890 154
17 529 240
118 460 111
287 472 104
335 885 34
760 812 127
20 64 201
155 191 200
287 975 65
238 304 135
376 788 167
614 812 19
191 529 164
541 840 245
194 319 163
474 956 5
268 516 1
227 472 99
749 770 152
342 726 14
337 814 86
730 985 280
211 376 79
319 631 231
248 753 83
191 874 246
24 489 182
254 443 82
7 287 217
119 993 280
191 328 56
303 681 300
32 874 103
248 704 279
874 956 228
101 702 138
725 902 85
17 328 71
118 749 245
118 243 122
113 681 188
238 788 63
100 119 11
758 964 1
152 884 173
342 502 244
107 472 166
489 880 292
934 935 172
238 493 8
681 905 63
376 905 174
221 824 71
785 935 134
198 227 291
857 928 78
20 506 286
155 364 250
100 319 297
614 719 201
564 969 137
468 993 211
20 553 176
215 564 186
276 493 220
194 319 204
98
302 811 283
144 437 132
212 594 881
870 963 581
313 932 117
5 999 480
178 975 407
388 830 845
262 985 64
32 48 167
421 446 998
26 664 429
90 868 810
35 844 685
41 869 864
192 615 554
371 972 169
13 872 288
417 880 691
815 994 930
251 631 700
327 576 214
39 586 179
705 932 70
60 992 223
370 730 485
425 490 332
44 903 555
354 935 84
24 888 91
825 989 521
10 999 360
4 356 741
299 932 894
73 998 401
582 712 82
91 487 416
96 897 162
436 943 515
27 981 538
144 584 750
7 713 148
51 879 511
109 257 649
93 722 246
187 568 869
68 895 367
512 517 966
641 696 952
338 778 368
212 989 791
218 226 274
86 904 380
201 957 641
481 810 773
53 958 54
482 609 266
173 949 794
125 837 842
442 958 491
729 781 833
550 751 738
385 776 919
350 605 116
11 872 221
530 667 988
729 939 850
602 798 223
298 912 619
5 975 904
38 975 617
98 772 858
29 915 774
329 730 228
254 777 572
532 976 698
661 923 826
250 774 676
45 997 211
143 308 736
120 876 616
674 742 995
45 588 146
45 765 447
116 751 244
111 448 955
510 678 635
401 937 605
302 956 953
45 997 226
293 803 913
31 846 846
355 704 116
668 890 992
271 678 237
10 774 777
133 1000 598
273 482 550
69
449 835 173
103 441 750
334 901 662
610 992 860
207 937 975
118 789 966
150 946 554
196 475 682
804 950 631
340 694 180
287 342 682
183 915 812
47 886 445
331 819 422
209 951 500
6 997 152
538 845 781
435 717 716
328 440 333
550 644 482
257 466 688
577 963 391
41 45 412
531 880 543
28 650 919
202 926 822
1 992 980
64 461 716
176 709 659
25 900 370
79 674 773
83 721 335
91 872 159
300 891 258
383 550 139
356 876 128
453 931 894
208 326 639
121 838 747
81 503 498
144 450 71
44 466 852
675 896 3
3 983 266
23 491 765
21 167 352
115 836 178
191 694 23
42 813 956
272 909 12
15 929 969
12 540 218
105 970 798
322 970 472
141 365 782
338 553 998
171 953 941
798 997 294
281 579 772
456 632 386
183 765 504
45 1000 252
738 829 611
695 744 444
278 700 8
156 968 91
56 79 523
710 957 198
264 306 106
54
967 993 91
674 710 595
326 700 846
296 692 808
516 690 603
61 907 610
741 905 700
609 901 222
190 492 419
115 772 876
433 477 869
458 568 578
158 514 903
359 805 946
494 518 813
120 400 874
81 657 614
133 557 574
98 706 65
125 221 531
352 698 964
220 265 421
149 778 930
403 488 87
357 701 580
828 865 332
738 908 988
392 703 896
98 277 346
574 693 566
576 925 263
497 539 879
311 645 8
400 593 847
452 679 555
316 610 382
406 941 642
280 460 33
88 528 130
133 873 703
438 708 628
53 598 124
283 908 120
643 852 871
530 841 322
396 492 990
777 784 747
64 418 206
803 943 646
815 932 778
604 987 485
8 614 82
89 643 341
285 560 193
81
8 956 86
359 623 174
910 985 5
363 982 210
368 985 202
198 897 113
122 757 81
7 285 203
42 867 184
166 880 85
75 478 77
7 607 10
113 897 295
285 299 134
464 906 78
4 962 95
173 879 239
100 987 176
113 985 130
123 820 133
210 662 3
122 434 2
419 765 148
4 989 85
170 551 142
412 743 206
232 259 47
212 693 284
22 436 177
271 671 62
695 884 246
230 695 266
173 462 47
475 600 141
809 951 13
330 934 60
7 951 200
749 924 263
7 934 101
285 962 299
8 895 43
127 847 9
173 959 11
8 623 238
435 939 132
299 792 266
405 939 239
87 439 289
79 951 290
490 897 125
265 478 29
212 982 201
15 725 198
104 987 64
145 434 287
267 662 55
271 934 30
149 804 154
8 363 164
434 847 234
400 820 231
42 687 98
87 795 154
28 962 143
22 439 207
44 919 160
429 478 11
122 917 63
75 204 225
551 934 103
4 591 294
198 665 293
285 690 56
271 430 246
191 867 200
364 918 152
15 412 264
359 459 226
22 59 79
170 475 60
419 906 45
63
545 923 131
327 674 242
114 902 89
189 405 112
143 799 40
71 615 14
6 540 172
272 891 77
287 597 60
235 820 69
939 998 34
287 731 189
31 887 162
33 998 97
114 416 185
465 782 169
31 955 146
33 952 56
45 959 103
279 782 24
272 584 222
750 967 150
414 535 105
279 486 11
346 351 157
662 955 147
615 841 250
486 806 18
891 956 132
346 416 208
189 799 120
319 545 297
45 367 82
397 614 214
516 807 256
45 119 248
235 272 7
160 955 3
279 751 64
153 192 251
160 487 30
160 755 140
664 923 64
36 405 67
511 674 247
537 955 239
510 558 160
15 952 207
465 584 187
588 782 204
162 964 279
393 486 139
367 558 127
537 614 205
733 799 278
588 782 7
420 902 138
540 567 74
364 604 131
31 486 193
6 806 167
405 992 277
149 674 115
99
290 930 250
527 679 185
96 695 7
353 683 220
282 357 23
226 647 48
672 890 26
188 372 233
96 603 105
236 272 105
446 581 220
107 290 142
220 801 293
81 892 138
372 581 12
31 640 95
488 733 282
329 659 129
138 745 21
418 603 129
196 822 20
92 807 257
290 826 160
188 939 62
718 745 150
719 814 140
388 522 45
721 736 266
331 415 12
42 914 18
107 930 124
384 891 33
727 892 227
192 693 218
362 603 171
121 263 162
588 647 236
243 313 172
603 653 148
672 960 74
603 835 53
552 895 4
233 818 70
237 953 293
436 581 212
272 801 136
313 822 213
581 745 124
52 316 49
44 290 8
196 845 182
226 329 41
96 582 143
721 784 47
149 913 218
446 563 206
220 233 201
552 925 249
52 237 65
219 569 14
723 934 113
258 891 184
522 960 209
488 697 217
405 644 73
65 858 53
78 269 264
634 750 95
640 805 121
661 935 136
711 894 19
132 640 120
647 801 144
30 543 160
418 914 211
249 588 210
315 614 43
806 861 275
446 930 77
31 357 99
233 721 203
249 810 218
237 994 290
532 688 208
398 735 71
362 894 148
44 488 45
226 935 14
139 672 251
44 552 273
405 727 196
547 693 82
56 727 165
42 357 105
28 50 119
387 390 279
398 976 89
358 911 165
711 930 248
82
230 979 4
832 927 199
127 719 632
218 459 648
27 963 453
418 464 123
17 1000 302
375 834 842
102 812 806
236 728 854
90 776 169
59 878 615
145 213 685
561 834 689
63 992 427
66 842 119
132 184 442
282 789 431
12 990 72
63 624 372
137 879 361
364 483 722
427 498 694
497 935 130
155 605 572
640 692 669
105 870 644
469 485 620
276 813 111
716 874 398
197 400 712
258 398 408
299 361 684
254 816 877
256 854 633
495 884 404
45 741 666
125 349 718
316 745 755
544 848 878
746 805 996
54 433 573
34 836 927
50 165 95
240 829 764
103 976 362
156 182 711
669 921 547
305 645 357
57 327 860
277 596 428
677 908 773
69 909 969
300 957 60
188 306 825
189 579 539
175 983 519
501 794 111
160 863 936
103 554 454
318 574 64
902 943 475
314 694 744
566 903 609
201 674 242
561 665 332
61 961 282
116 393 757
97 990 179
355 816 301
315 598 2
309 881 629
5 993 403
128 900 953
449 487 727
561 654 487
479 570 947
656 871 817
1 996 995
135 628 189
182 877 554
547 748 575
66
461 839 718
716 867 22
93 999 748
1 999 586
83 891 884
474 497 52
41 777 46
57 287 586
36 960 140
16 859 66
617 858 736
348 995 601
308 840 765
182 818 859
309 684 405
33 1000 443
9 376 772
73 298 180
347 994 560
275 986 920
381 917 690
276 334 97
45 874 625
423 459 350
68 872 385
225 830 420
685 865 957
99 984 30
139 397 970
10 967 465
214 744 478
66 983 429
3 427 340
302 822 310
357 998 574
1 877 70
30 996 146
600 967 199
347 934 168
57 764 542
61 914 36
231 933 87
48 949 297
8 990 430
952 971 697
377 762 853
472 521 694
92 905 639
326 793 570
108 919 696
323 880 639
109 631 737
77 996 790
82 940 423
379 474 985
40 471 211
704 895 520
132 968 870
240 929 640
623 911 801
373 401 169
509 947 221
303 739 737
333 779 408
170 313 192
145 876 717
53
348 446 675
454 583 544
804 972 535
34 723 688
311 690 208
294 837 429
755 987 165
657 821 573
429 974 116
104 670 832
549 824 179
354 498 114
157 393 437
232 928 471
921 967 781
174 214 969
552 954 75
119 724 731
43 153 56
174 510 160
341 997 60
847 871 414
239 336 922
518 773 153
595 836 425
10 727 639
695 963 542
121 433 266
827 851 770
336 907 943
28 418 291
251 477 137
242 586 376
516 710 245
20 304 81
382 445 442
428 435 756
548 976 189
399 593 367
305 362 55
74 656 82
550 947 684
83 144 622
659 810 331
407 678 987
122 487 368
556 928 796
683 884 343
223 476 93
190 942 749
845 996 822
429 791 372
113 226 867
86
524 601 295
403 460 40
8 980 104
4 995 193
285 995 132
354 631 55
111 930 229
390 897 88
40 843 182
64 962 69
14 994 49
4 935 278
715 944 33
650 995 56
313 962 59
413 706 37
87 822 167
252 819 295
23 441 120
286 507 131
8 413 206
18 790 177
245 502 91
269 733 290
314 395 9
155 441 139
40 980 107
223 995 122
8 989 8
313 912 199
40 306 298
133 994 300
284 963 243
167 804 282
87 766 63
78 670 15
40 874 194
3 218 32
14 286 216
128 944 27
332 994 186
820 963 192
64 980 271
547 807 155
30 827 5
685 811 125
156 690 253
111 979 111
345 951 240
682 935 161
837 897 107
66 285 283
8 657 267
469 874 95
30 345 162
469 657 228
23 646 27
709 995 174
286 531 85
223 693 121
466 994 232
128 827 116
78 125 71
6 78 143
354 874 263
837 917 243
488 779 151
308 432 180
125 818 114
169 528 167
18 917 15
609 733 299
432 585 257
690 710 159
3 974 213
127 963 173
23 944 165
78 631 141
306 944 15
709 874 223
403 593 180
78 963 292
143 555 243
466 886 297
555 956 54
345 980 275
95
4 945 41
211 241 152
46 632 8
288 461 212
343 945 30
446 879 59
216 696 199
2 318 51
249 596 214
139 632 23
214 963 108
66 617 87
11 945 161
19 796 42
260 783 289
285 617 38
899 904 1
407 933 62
185 794 286
273 984 13
139 984 95
266 666 209
264 951 165
30 166 208
183 828 97
30 960 251
159 895 44
191 696 85
743 977 19
796 928 118
419 987 101
159 272 8
312 522 93
46 266 11
453 865 27
19 986 221
25 972 299
67 561 213
253 476 63
66 615 116
221 703 290
353 618 197
63 653 222
159 522 225
4 757 52
446 842 187
2 995 224
690 945 58
427 696 155
272 963 148
237 972 50
4 993 59
141 265 83
570 701 286
139 960 28
2 349 4
478 853 166
183 295 8
4 951 162
166 320 151
29 904 288
904 914 230
237 476 231
169 852 135
169 972 254
984 994 116
2 990 191
46 955 228
241 696 191
666 959 144
76 970 253
542 879 208
63 984 257
19 884 269
312 749 24
690 696 71
783 847 151
119 663 135
353 990 133
75 703 299
249 783 179
743 757 176
66 519 100
214 450 34
195 780 262
757 929 17
75 596 201
67 904 131
17 978 63
96 918 210
66 273 175
483 861 296
395 615 152
30 749 23
102 847 45
84
159 771 224
470 875 190
278 841 113
186 275 232
242 727 108
557 653 75
260 875 165
35 550 95
22 942 44
276 665 79
470 779 112
753 947 27
192 389 16
500 671 150
814 885 259
373 552 258
353 778 45
389 888 180
391 619 216
139 874 217
100 318 205
14 486 126
389 428 237
60 910 228
192 801 198
186 335 190
255 761 293
84 574 124
840 896 103
278 885 137
61 123 88
252 565 232
318 810 210
35 552 136
242 565 240
275 420 29
275 533 231
753 894 161
644 881 161
29 123 80
74 942 191
607 665 162
607 779 267
527 918 223
258 881 230
428 607 247
22 960 283
850 973 84
314 911 180
278 398 186
212 252 268
246 801 133
119 583 258
486 801 228
648 731 74
391 798 292
480 632 223
529 801 161
918 975 227
354 549 277
761 960 199
124 836 275
249 885 44
165 215 213
640 850 119
398 644 251
123 186 140
119 633 264
186 754 236
101 123 20
60 335 243
653 850 299
893 918 245
35 688 152
801 843 293
123 918 193
480 550 255
448 810 109
35 896 138
69 495 73
467 607 60
507 761 73
448 628 130
837 886 150
77
5 991 546
97 328 465
596 830 54
38 734 25
13 689 409
25 943 881
684 986 841
72 880 265
570 828 594
32 955 896
325 510 84
617 635 866
283 395 275
182 678 432
186 350 220
853 970 711
118 288 898
293 957 633
811 926 660
474 1000 582
134 918 891
30 852 932
28 231 910
45 807 483
119 757 692
221 978 258
418 626 435
582 744 415
309 976 823
454 550 716
153 450 26
28 849 945
578 914 290
226 581 114
837 851 147
556 823 443
512 984 588
147 359 774
338 789 912
506 515 301
694 939 836
445 790 599
332 377 809
280 454 739
32 979 173
434 962 330
651 964 921
20 649 843
378 799 81
581 821 645
49 943 470
203 527 94
80 992 800
875 895 850
279 967 77
288 563 822
163 700 46
676 795 830
96 997 941
331 445 553
138 145 381
32 192 803
155 984 411
157 791 845
337 983 219
90 968 383
375 412 779
22 894 996
3 39 157
568 826 527
342 889 54
275 860 277
1 1000 443
401 953 63
242 378 523
496 912 52
67 987 627
97
9 583 44
23 632 201
121 987 79
720 852 485
140 856 761
160 594 555
15 1000 617
142 981 492
283 538 543
451 626 522
6 861 394
455 916 320
91 826 894
10 951 353
231 904 108
126 974 960
243 823 916
117 552 129
167 838 534
104 924 236
5 236 37
88 615 268
314 548 204
167 720 20
14 579 275
208 284 329
122 994 951
24 965 107
906 976 334
107 874 550
53 508 450
186 891 431
198 762 693
47 945 313
197 755 129
288 546 900
138 290 181
15 958 940
136 172 317
22 859 206
169 975 128
411 927 180
55 918 330
741 889 470
848 877 306
15 630 297
260 579 402
611 768 888
65 909 884
132 905 922
130 891 590
88 847 924
488 780 543
20 333 651
512 887 971
69 829 426
450 996 47
361 963 80
406 996 337
9 868 502
46 661 420
293 605 246
137 791 761
309 671 953
67 964 840
27 999 900
841 969 330
65 298 364
9 959 591
485 800 327
708 872 778
494 797 774
283 969 792
37 495 865
472 957 461
181 975 239
814 815 495
786 928 335
105 479 645
172 993 310
76 772 601
319 640 813
64 674 867
355 775 307
170 950 783
918 984 970
253 447 292
1 990 795
528 585 264
151 854 681
177 683 253
329 971 398
67 647 713
627 882 607
53 798 88
317 986 643
1 998 524
73
59 569 917
316 701 180
533 830 213
268 742 817
366 659 566
213 532 278
634 735 237
10 839 324
657 872 967
426 703 842
177 994 900
47 93 567
228 625 451
189 848 192
5 506 558
70 570 441
199 704 528
65 435 366
111 936 374
429 990 800
166 270 145
169 610 543
87 586 123
537 774 970
130 729 827
51 638 896
78 602 599
36 605 663
323 498 950
696 926 291
195 847 456
344 715 418
801 886 3
360 690 129
329 418 258
55 507 661
484 755 262
89 353 649
368 763 147
669 810 72
657 960 619
415 1000 333
184 237 486
187 949 175
277 315 944
136 924 998
890 936 481
197 594 921
198 961 683
344 982 493
767 941 501
707 737 852
70 891 440
429 907 388
95 433 17
370 376 152
306 373 393
205 854 986
51 126 299
160 746 280
4 865 572
601 856 278
22 707 168
147 928 948
360 886 42
87 902 412
405 459 717
16 797 922
493 783 325
433 652 70
8 712 286
283 863 887
912 922 260
82
93 931 162
353 979 11
199 910 271
569 928 208
231 415 206
247 931 223
902 989 10
27 900 191
370 845 282
486 860 180
258 744 158
8 986 204
72 859 144
71 979 287
199 988 124
8 762 164
93 912 281
72 787 36
599 774 78
131 567 297
576 780 246
8 788 125
18 780 108
391 537 85
164 979 257
4 955 137
391 987 152
157 553 157
190 904 240
4 891 165
645 718 247
594 659 242
372 611 265
595 912 286
144 774 266
4 852 56
373 900 284
383 860 5
308 864 115
71 986 293
569 809 68
18 177 300
506 596 240
4 1000 85
258 940 119
4 987 271
18 989 300
200 991 41
18 910 182
207 891 148
231 924 236
181 645 195
59 851 97
147 888 154
93 595 97
181 991 287
24 762 260
593 991 220
275 587 23
259 377 260
181 593 248
27 986 232
18 761 153
423 864 80
190 567 298
178 689 224
258 986 266
4 904 54
41 531 297
635 964 157
386 890 278
507 596 232
391 851 266
425 599 122
164 870 134
177 599 275
282 928 216
275 611 204
4 986 135
190 946 190
701 780 164
259 298 46
77
582 762 188
584 855 98
184 624 149
253 462 84
588 945 71
185 914 104
112 976 204
171 481 222
57 939 22
510 933 247
254 362 171
184 907 199
10 951 52
311 322 124
676 793 238
615 836 62
18 185 131
12 976 122
355 866 66
130 534 24
115 956 171
336 617 262
9 953 125
170 953 78
221 506 272
413 761 127
4 398 207
532 907 25
118 830 234
9 436 186
9 880 214
6 945 155
315 615 208
14 976 275
228 897 87
76 622 118
130 413 119
927 997 45
945 993 169
362 765 212
44 427 173
432 757 169
1 993 256
75 577 29
14 747 120
1 939 113
130 927 122
829 836 277
272 430 151
207 835 213
185 798 134
276 703 84
57 158 128
14 838 90
65 512 47
670 855 23
4 790 196
588 945 223
57 609 77
184 272 95
324 830 215
112 816 298
44 880 2
510 637 135
139 703 18
5 993 195
65 918 131
91 427 245
58 153 84
6 816 118
5 277 258
6 997 180
4 952 53
75 785 183
324 637 248
96 742 223
153 739 115
78
276 594 84
192 353 55
498 882 142
509 707 159
97 685 57
158 786 70
35 876 57
374 755 40
321 945 146
9 689 131
353 745 186
9 48 204
344 705 278
94 429 63
35 94 263
420 423 218
8 512 147
9 705 82
551 882 214
197 241 161
694 847 192
745 871 37
225 924 231
471 519 73
423 706 32
133 519 73
348 551 55
14 786 239
107 634 88
355 761 84
198 902 144
14 99 155
198 263 120
252 698 231
107 694 202
438 814 286
471 630 252
241 626 261
420 967 51
755 898 119
685 814 245
367 698 169
51 818 291
321 667 92
145 963 182
370 634 80
372 859 199
876 903 137
367 919 27
322 454 134
252 945 215
14 622 16
372 386 122
198 903 215
235 353 121
688 816 117
146 608 29
655 922 263
161 626 105
35 197 294
105 235 66
423 871 267
386 814 101
97 707 287
107 903 206
322 882 112
34 867 238
9 197 289
291 367 275
593 849 248
826 871 129
355 706 110
291 370 112
97 602 229
832 847 199
107 145 256
221 257 231
241 898 272
86
670 778 510
393 986 209
535 853 537
553 622 499
268 716 462
249 691 590
44 990 88
19 960 95
102 985 478
3 991 449
425 462 66
225 507 957
375 532 639
5 966 993
9 969 212
584 783 220
15 422 247
456 856 303
416 949 958
259 401 72
32 547 610
23 768 742
875 999 40
21 600 631
30 143 672
352 903 409
467 651 584
216 794 639
60 760 89
52 802 223
225 459 582
404 941 674
13 986 60
88 947 628
546 809 525
433 503 564
513 953 335
274 875 276
601 815 835
148 308 489
465 611 685
82 572 840
31 942 911
255 821 536
452 868 59
78 935 43
545 917 707
581 665 297
483 875 467
29 579 175
545 962 195
176 403 786
97 821 41
543 859 351
200 216 995
48 985 995
563 912 111
296 731 575
28 518 25
37 971 605
590 826 186
59 967 348
3 931 820
322 870 958
321 949 445
46 913 454
205 541 195
63 536 708
114 714 267
31 959 355
50 669 812
433 968 322
113 998 428
330 911 690
24 932 698
1 1000 807
6 1000 115
14 997 978
286 335 691
131 713 73
21 873 946
2 996 560
42 995 350
99 833 707
676 767 334
70 108 577
72
305 480 39
19 895 16
16 940 58
450 956 130
230 307 427
852 923 986
162 904 335
502 979 393
412 698 78
623 666 654
262 535 83
255 547 86
423 552 661
126 710 776
160 990 763
4 997 83
41 993 248
482 588 237
54 301 340
12 961 994
40 979 738
112 823 656
75 873 892
198 967 209
35 875 371
13 859 952
22 897 904
13 913 552
54 967 315
581 675 607
511 572 999
47 316 882
260 574 623
40 878 574
313 944 920
27 513 736
485 678 359
111 885 772
140 567 70
26 899 980
43 761 507
6 959 382
215 522 745
53 243 256
9 913 339
660 661 812
452 922 756
168 435 418
16 230 388
122 960 652
189 999 908
295 799 541
343 819 558
268 948 202
755 923 331
33 529 17
142 936 509
272 647 413
199 900 280
245 368 425
422 874 454
865 896 68
352 916 798
273 639 618
354 628 452
300 657 220
568 669 361
102 517 883
341 416 907
147 653 856
680 702 709
279 898 973
70
380 536 870
674 803 487
464 623 938
87 126 509
645 706 869
77 672 103
463 969 362
417 885 217
732 776 278
384 953 250
456 488 629
325 642 654
163 265 117
100 390 555
386 960 613
57 180 41
283 871 10
107 644 778
191 212 906
841 926 858
90 381 346
57 70 987
219 724 603
192 318 344
629 747 729
711 809 137
91 751 359
86 760 466
649 890 656
490 795 581
652 931 314
1 349 370
76 688 589
290 619 258
717 986 887
427 714 695
178 203 137
289 561 574
26 178 222
33 972 711
614 624 642
927 972 994
11 296 421
301 884 39
286 494 108
351 380 534
426 553 711
466 562 352
135 491 529
524 708 501
419 489 476
412 767 799
405 414 810
650 825 110
143 215 747
322 522 449
208 947 354
270 860 819
346 621 661
53 150 184
2 823 24
234 477 790
275 638 204
84 814 853
381 545 347
643 702 868
92 909 166
179 797 377
151 615 722
275 300 126
61
81 120 180
8 466 159
100 991 202
403 987 19
121 799 72
378 639 132
402 987 205
364 378 271
8 915 123
81 595 62
372 403 191
15 834 147
39 394 209
50 473 216
81 839 64
372 991 283
343 378 67
469 735 31
8 1000 156
39 703 193
353 987 8
15 636 11
8 883 278
8 962 254
644 972 201
366 403 95
24 962 279
15 607 58
114 211 76
176 277 210
120 712 289
834 976 90
289 332 226
674 767 246
15 926 222
8 899 27
8 989 290
110 899 169
343 659 184
15 799 261
144 991 162
121 799 76
644 820 203
365 909 255
114 855 44
644 820 36
89 883 213
89 929 43
340 962 207
202 883 260
394 659 95
674 991 71
114 915 197
770 962 152
182 915 241
50 770 167
169 674 222
24 989 290
173 895 26
595 915 105
24 987 291
55
293 382 257
83 959 29
498 671 225
124 149 16
208 719 223
356 427 21
298 831 92
208 398 161
949 977 289
16 764 50
183 657 49
75 936 249
16 646 191
559 789 209
450 532 217
1 896 135
246 646 54
460 998 175
247 998 20
21 753 23
251 667 214
134 936 297
201 998 265
450 811 271
22 881 177
14 414 151
143 706 193
1 959 260
201 817 262
1 982 65
21 749 131
305 398 220
124 982 7
149 837 173
316 719 29
166 789 203
14 584 62
1 982 298
21 982 275
177 706 177
125 671 106
21 881 162
255 427 44
427 667 243
183 489 67
1 831 136
149 719 233
316 460 215
16 982 61
282 293 37
16 936 219
293 706 272
298 538 139
611 764 188
14 977 38
65
119 155 203
889 926 84
260 499 64
65 394 18
625 660 96
373 644 270
673 836 225
407 409 225
247 613 27
144 748 122
227 996 163
155 172 27
304 433 29
501 857 76
202 218 47
384 830 224
375 645 37
104 119 246
227 277 166
56 926 166
65 644 152
191 467 1
159 489 276
259 345 238
534 750 260
847 896 238
241 407 43
305 601 62
221 547 169
401 489 254
155 649 120
191 578 21
645 770 42
832 897 244
384 652 98
104 593 49
601 976 16
583 754 27
23 737 253
169 571 121
148 784 104
688 976 64
534 742 29
601 720 78
314 923 235
384 996 50
304 604 295
375 437 158
375 848 235
774 878 41
218 986 197
648 673 202
235 673 109
407 926 244
259 985 298
259 618 229
148 897 275
345 896 230
224 277 207
407 986 22
202 618 281
649 847 203
578 655 211
489 923 244
776 903 296
73
758 803 103
1 1000 629
542 679 410
520 693 916
451 745 238
342 729 370
883 956 524
280 328 935
185 739 778
238 707 625
463 507 992
41 775 549
256 460 228
81 985 344
179 594 706
3 983 102
170 967 817
304 856 704
244 882 292
93 929 239
332 602 589
238 664 684
241 664 107
157 727 955
38 65 661
28 179 743
57 829 171
84 902 67
14 807 308
12 940 868
619 919 769
43 992 819
109 987 941
219 442 897
26 900 954
464 871 998
41 685 454
36 977 142
219 564 995
332 897 494
4 637 912
369 680 296
117 887 843
29 962 779
13 998 153
158 937 669
605 899 781
40 87 953
130 999 242
431 551 290
6 358 336
413 969 320
67 941 926
441 454 612
15 992 979
49 125 745
109 723 299
59 705 164
274 982 758
45 639 388
24 974 921
34 829 477
35 676 875
693 777 55
395 461 264
297 758 104
367 761 628
199 989 587
133 443 824
275 291 983
31 503 908
718 749 863
818 820 143
83
7 999 689
4 781 952
29 985 407
105 455 34
755 895 620
175 624 796
229 412 778
381 754 685
574 977 547
50 173 689
2 999 632
16 878 320
554 811 557
12 948 811
125 920 686
231 877 735
129 865 402
176 325 123
222 978 967
411 961 23
382 653 957
458 691 748
767 777 2
30 437 69
86 929 5
334 997 917
342 981 133
657 951 256
613 994 921
156 888 184
220 914 678
367 906 91
335 381 727
44 930 992
135 548 270
125 887 182
787 891 875
528 864 773
523 919 912
314 873 543
473 985 2
19 989 624
11 808 377
141 826 816
234 369 456
808 905 630
174 952 128
504 859 999
81 774 717
62 175 601
897 934 673
525 544 242
653 942 406
258 835 816
110 119 244
29 736 695
220 275 436
111 800 249
105 728 445
25 981 593
95 796 875
379 651 320
81 287 668
582 849 348
725 787 999
358 640 244
147 994 615
163 306 634
182 684 778
59 538 606
688 882 365
95 972 55
515 734 653
35 769 535
104 494 867
200 958 752
356 853 524
137 959 310
140 947 107
84 512 984
413 645 837
442 699 692
177 979 492
90
384 940 326
203 473 192
560 877 944
7 890 819
186 325 480
467 783 938
526 827 921
47 191 758
571 671 801
358 665 292
48 150 584
475 872 138
431 667 366
672 962 372
209 780 696
612 676 831
201 549 657
470 743 55
579 666 725
375 379 389
22 524 789
351 605 660
95 369 443
330 460 114
461 832 323
72 879 998
621 709 550
365 442 293
20 420 310
496 750 684
771 885 560
673 728 910
684 822 278
126 633 959
464 592 771
343 914 843
263 403 815
120 812 608
456 539 627
34 765 728
270 449 850
294 360 577
269 978 750
455 898 735
46 208 198
959 978 892
573 820 295
385 986 414
593 840 304
571 957 689
298 757 311
116 500 604
428 736 933
178 633 740
264 840 785
461 817 96
705 989 668
326 351 404
116 271 596
771 841 552
491 811 660
121 342 775
725 769 510
9 298 494
561 748 333
374 885 501
78 980 489
780 999 167
755 895 437
350 665 629
253 827 471
912 948 812
24 38 581
32 547 878
40 132 791
16 724 164
224 347 593
65 345 372
451 583 266
19 800 282
52 999 108
315 470 407
352 633 430
250 565 814
641 795 945
364 585 960
748 940 306
340 356 2
711 938 453
308 328 604
61
448 769 85
22 997 12
94 201 274
126 931 293
141 615 175
194 789 176
335 757 159
507 918 162
78 194 184
74 836 172
70 980 156
70 924 221
225 593 153
112 554 293
173 836 260
218 831 83
40 942 283
311 916 96
80 143 19
196 931 156
460 924 46
382 710 177
196 980 247
255 346 143
382 842 225
139 710 187
335 924 13
91 981 98
188 608 172
40 918 172
173 241 134
271 359 143
114 669 261
70 410 111
487 931 37
51 887 266
136 942 72
406 842 214
80 924 5
470 740 228
114 916 258
136 700 252
572 980 181
136 796 93
225 294 85
100 615 168
40 406 123
335 710 36
205 972 3
196 842 42
593 916 7
390 545 296
218 981 185
80 955 272
85 741 153
382 415 50
415 757 203
335 980 75
85 924 63
114 817 40
389 423 280
89
37 59 86
428 588 252
369 542 271
85 693 78
29 766 258
103 895 245
425 953 219
306 423 297
130 608 119
404 994 6
217 544 148
130 150 107
11 994 228
22 541 82
242 425 203
130 392 59
9 980 55
12 980 15
17 873 295
727 832 238
388 711 114
37 727 8
47 733 119
43 767 229
650 884 169
23 766 80
152 542 168
246 974 62
106 783 97
11 765 76
12 846 2
12 930 14
43 244 11
23 799 119
136 485 11
216 853 49
369 836 176
431 797 63
136 583 6
832 994 227
707 770 131
246 767 165
259 853 188
43 238 127
29 930 115
12 899 107
155 602 160
69 592 80
588 675 183
675 845 161
59 745 5
222 395 179
278 555 90
29 650 209
689 845 112
17 929 122
23 886 164
395 689 13
36 973 227
17 457 53
106 767 24
482 994 88
48 863 11
17 910 103
335 953 288
187 428 171
306 770 256
138 980 15
122 766 162
22 430 205
468 711 70
187 485 188
524 542 175
836 849 167
252 784 93
11 451 17
52 845 149
48 938 295
259 560 91
656 695 215
69 445 31
9 994 196
467 560 184
12 853 239
584 637 271
106 836 39
32 884 67
290 657 220
85 608 210
87
120 984 149
149 624 131
262 759 169
570 849 256
686 711 215
239 619 40
622 834 219
214 955 101
29 733 140
67 545 270
130 631 53
215 699 63
450 756 238
586 931 40
591 761 88
144 726 147
598 941 37
363 711 100
455 980 270
469 761 191
534 570 260
147 834 255
306 885 166
435 500 250
219 517 131
214 266 53
239 419 25
229 573 93
500 979 48
262 718 92
754 935 242
631 708 60
686 882 27
43 331 260
358 756 218
130 885 64
257 660 189
453 711 264
391 519 140
91 640 258
257 964 287
266 635 278
327 435 46
315 499 128
582 903 67
561 663 250
315 339 223
395 928 127
430 885 9
58 882 241
117 241 113
517 996 185
566 815 163
326 805 211
239 545 32
675 804 54
9 964 83
315 479 89
147 259 218
29 450 216
67 608 227
58 675 192
444 557 223
363 398 46
663 759 219
455 619 164
619 855 192
577 999 193
215 219 232
162 585 202
157 162 112
327 783 196
214 881 235
327 579 274
9 162 244
598 849 107
385 429 268
772 928 50
83 566 230
240 348 166
149 385 148
619 931 94
453 738 136
60 724 240
686 697 17
91 547 45
31 825 286
97
8 950 796
125 809 726
624 987 291
369 650 590
51 908 236
102 521 823
277 521 663
180 805 179
92 616 375
414 704 212
77 536 929
257 957 713
255 645 314
336 740 398
214 645 707
87 810 126
197 551 162
220 499 569
211 470 716
4 747 341
95 872 521
11 916 677
128 785 913
217 546 884
158 514 907
154 720 699
502 861 756
253 930 206
7 941 66
77 444 115
2 998 499
759 962 367
43 993 442
270 872 720
795 954 789
83 277 884
413 541 533
53 974 44
495 977 301
17 787 28
303 379 438
224 799 105
231 919 799
33 119 129
143 469 843
295 698 647
11 488 19
39 941 472
76 471 574
138 350 40
108 922 562
20 1000 660
129 463 714
105 635 933
174 511 255
450 841 588
4 981 278
42 933 784
187 998 311
203 872 924
660 931 441
2 893 361
469 642 401
310 654 355
54 781 942
169 650 302
23 976 318
18 854 875
387 592 368
59 882 97
99 278 794
315 382 543
187 248 153
284 852 422
39 994 479
1 986 166
317 378 480
197 854 441
26 705 224
47 722 699
148 569 960
467 634 218
226 838 836
325 697 176
658 790 521
204 996 126
219 681 282
306 861 268
589 835 514
266 609 35
408 644 754
12 488 761
154 545 118
162 317 523
96 487 384
230 776 292
58 877 898
85
28 543 2
203 963 867
200 304 901
251 590 7
5 538 119
60 984 236
66 863 110
327 515 494
124 576 785
635 906 682
110 544 907
116 966 701
196 264 28
408 712 299
26 135 365
461 998 28
138 685 483
236 777 401
125 998 636
192 640 855
611 714 501
312 490 216
35 882 163
128 369 202
249 878 210
476 643 928
222 842 285
102 946 385
45 874 204
489 842 195
335 712 93
497 631 546
376 760 126
456 687 381
41 491 21
25 882 164
164 976 398
152 984 831
231 896 958
666 868 913
277 987 379
290 916 262
396 914 965
236 407 813
21 910 104
134 914 257
533 915 596
172 412 955
721 772 736
180 431 277
112 556 433
105 399 56
20 437 9
269 929 158
3 984 704
7 737 858
631 704 250
416 763 461
311 428 931
60 988 161
134 270 752
461 576 740
421 576 376
401 884 784
25 511 697
702 878 135
96 943 615
475 788 884
305 428 774
35 977 242
187 878 903
437 517 785
42 775 501
183 791 366
113 987 490
7 147 384
11 477 247
160 831 26
304 580 381
833 884 341
29 992 888
97 836 804
741 852 498
191 965 624
16 406 45
58
463 554 591
383 799 837
10 759 214
403 753 594
621 892 935
82 740 174
48 93 329
205 593 826
290 593 802
437 959 846
166 342 308
108 493 42
502 944 153
254 509 555
103 226 798
307 389 537
562 752 585
242 344 141
68 289 782
221 599 218
116 418 912
77 223 404
118 166 905
622 674 511
128 528 736
326 868 395
214 781 146
23 798 841
291 442 129
72 662 79
79 642 194
155 905 416
308 624 933
212 246 959
74 773 86
162 450 954
556 664 734
701 813 108
103 893 549
374 527 210
452 520 288
424 646 442
61 731 418
294 994 663
720 952 787
389 881 237
436 694 900
488 780 712
380 887 167
105 436 693
557 645 564
202 285 987
78 614 69
495 959 714
157 262 433
296 651 313
532 696 100
475 783 587
94
7 936 245
171 902 250
527 919 12
289 378 292
362 523 271
274 888 249
554 689 83
77 274 60
301 610 70
613 982 52
15 907 148
84 814 27
140 917 246
326 534 159
147 649 200
83 982 161
10 992 5
83 762 181
186 889 13
10 966 289
449 985 293
84 598 212
523 926 220
312 889 216
126 486 234
150 884 2
10 907 153
150 398 185
507 546 264
898 926 185
842 983 19
247 493 64
598 774 269
10 910 98
46 374 141
10 910 70
619 814 236
698 936 121
319 583 85
463 600 197
15 966 12
15 985 225
7 982 67
190 974 82
382 919 232
315 326 65
46 431 93
500 925 71
527 983 181
89 992 186
264 507 74
1 979 191
137 974 199
228 902 18
35 835 215
46 659 176
295 448 254
383 842 300
181 982 199
793 816 18
48 919 190
7 992 237
656 715 171
605 646 115
221 240 116
20 835 117
162 302 83
15 816 54
295 829 202
133 939 12
554 898 227
33 435 64
126 681 295
48 907 190
75 982 182
244 509 99
239 437 160
613 762 107
113 974 9
10 829 202
10 982 272
162 852 240
133 966 48
268 907 246
162 907 199
715 800 226
449 823 149
77 966 275
268 518 53
546 907 231
330 605 277
552 589 133
179 939 35
155 966 206
68
38 881 256
619 782 174
788 813 243
295 619 146
52 519 220
8 866 291
480 859 26
266 792 84
9 1000 110
436 512 63
153 183 281
8 895 86
197 295 83
288 878 133
57 538 61
160 884 213
45 353 138
8 895 93
97 884 249
30 704 29
230 550 187
377 701 7
363 512 4
437 851 145
231 678 278
37 975 186
316 749 81
480 986 213
353 922 36
9 1000 220
97 884 273
12 895 150
52 792 23
117 866 239
8 986 291
183 353 150
432 975 160
9 938 292
57 607 135
230 938 46
76 990 88
231 780 292
699 749 145
741 782 29
214 674 181
9 919 256
310 749 272
97 956 262
149 353 173
752 895 255
37 936 235
172 430 103
452 956 115
8 1000 76
474 507 80
560 594 104
52 990 85
57 878 156
38 310 176
89 884 286
230 741 104
69 583 151
805 813 80
437 705 265
195 823 292
230 718 203
432 715 3
751 936 48
87
342 580 182
893 929 150
142 832 50
456 832 91
368 634 21
486 953 38
565 979 129
142 646 146
674 720 35
163 674 278
2 246 85
106 160 32
311 850 178
6 708 6
33 711 77
666 970 142
59 911 82
840 957 285
219 911 16
512 662 134
456 715 81
33 765 230
584 743 127
321 816 167
302 469 227
265 538 76
57 160 106
342 979 281
219 508 242
214 701 180
366 808 202
142 507 60
410 669 44
337 885 85
160 827 254
326 979 264
163 346 107
80 278 234
614 729 166
321 832 8
530 585 245
23 233 169
428 868 72
302 644 62
400 446 187
362 945 40
472 965 180
59 485 13
410 988 33
321 885 255
6 734 18
530 926 1
23 765 81
2 185 242
246 408 245
311 343 121
204 634 297
249 278 279
23 538 99
428 469 297
446 734 152
509 868 271
343 893 8
469 980 162
214 265 218
399 456 129
808 973 209
249 674 264
214 965 229
330 614 267
330 754 191
734 967 191
13 96 241
446 893 111
614 720 215
850 929 139
265 715 224
400 744 99
327 468 78
548 650 191
246 311 94
185 266 260
274 970 232
146 584 299
266 757 246
580 965 121
80 765 96
91
273 583 240
570 907 617
27 328 107
215 648 653
897 911 212
6 977 195
465 779 593
137 1000 590
65 734 10
35 901 557
294 892 71
434 789 180
119 586 709
345 891 78
8 498 464
303 448 413
366 397 880
175 607 430
242 906 945
428 887 841
538 635 439
262 384 222
675 885 254
99 586 71
241 371 588
178 630 172
269 434 527
148 620 766
251 874 367
289 687 100
198 440 653
48 511 970
49 885 315
24 967 497
52 988 818
145 692 839
862 891 108
574 705 567
241 959 103
476 655 779
276 935 801
697 893 238
473 615 622
2 967 309
755 968 80
265 356 398
11 473 27
541 899 199
577 787 343
516 915 108
173 838 981
26 850 458
182 898 406
102 933 432
82 176 958
35 948 570
242 422 440
56 676 446
81 942 354
20 829 530
70 930 424
11 985 41
202 817 350
315 652 370
145 945 245
415 640 792
169 763 906
476 694 693
342 569 368
402 896 737
221 983 578
94 940 340
5 946 612
214 685 366
62 617 262
17 987 676
753 996 61
135 970 442
425 968 19
574 868 486
128 895 950
913 980 96
87 820 28
99 865 504
3 999 307
29 984 43
255 810 985
12 988 571
418 976 247
351 792 70
468 623 570
98
224 878 643
799 905 22
41 913 877
47 915 184
45 587 578
97 913 914
249 760 484
922 991 82
29 539 504
105 769 425
18 957 946
504 506 910
197 762 158
8 974 605
336 831 705
25 972 113
97 813 332
786 913 263
296 468 523
789 968 115
88 202 971
68 858 10
398 921 524
402 659 407
100 588 224
39 724 865
103 943 333
682 900 370
305 931 442
88 973 145
186 769 28
284 376 85
372 889 42
40 770 774
637 675 114
570 832 694
29 967 76
160 176 95
33 876 186
5 935 498
59 437 809
419 546 64
34 928 173
449 697 644
12 165 731
159 980 488
265 748 29
3 575 36
217 869 419
72 249 405
791 834 404
176 975 737
48 849 766
415 423 14
25 980 239
8 860 960
418 520 746
472 577 281
536 772 581
17 700 145
273 482 412
23 979 762
642 817 631
173 834 61
337 639 177
367 782 92
9 989 499
194 414 825
452 755 517
57 973 759
16 882 697
798 891 843
283 442 262
249 927 476
39 655 778
233 641 602
80 671 730
131 781 896
224 816 133
461 532 213
215 477 188
160 805 517
15 36 232
87 993 802
252 281 944
509 853 192
483 905 858
568 932 390
6 999 366
327 873 421
459 881 995
97 928 556
84 812 161
787 795 791
166 494 508
256 967 488
103 392 175
21 782 66
66
363 987 931
158 541 703
931 984 49
509 865 605
956 997 765
634 991 555
324 817 415
125 592 254
559 995 780
16 734 846
378 651 832
270 933 989
200 635 324
61 684 541
16 288 889
1 404 879
310 817 555
409 724 31
319 330 378
109 404 393
55 954 122
138 339 391
478 974 942
657 802 2
296 342 17
51 230 369
360 460 186
14 436 946
397 765 616
774 873 19
166 827 425
287 316 764
29 793 89
594 970 97
935 972 744
340 516 794
61 976 153
246 341 940
89 543 704
158 862 577
379 528 755
305 665 70
45 68 862
15 508 456
338 604 742
347 677 258
140 737 585
334 644 277
228 584 366
385 639 227
215 913 606
569 969 622
390 636 667
252 495 33
59 98 370
152 796 398
287 409 487
282 345 172
217 622 400
339 856 784
70 917 48
391 874 616
132 496 603
383 514 449
546 793 546
267 945 693
64
115 583 6
170 863 189
217 365 237
39 982 220
161 185 70
191 873 42
448 509 213
317 508 104
693 744 192
166 960 172
154 675 47
203 609 229
154 375 250
362 960 55
39 930 234
191 805 92
716 836 152
365 382 151
434 982 191
111 760 113
873 912 59
185 617 198
166 191 182
217 918 46
100 750 175
435 918 12
179 549 200
39 802 125
678 800 172
179 239 88
144 836 41
163 802 286
362 798 215
448 686 63
144 983 154
170 658 153
144 863 257
154 796 27
450 960 218
196 257 122
184 435 157
185 918 225
141 863 204
166 805 93
39 983 300
304 836 156
606 659 158
228 795 105
812 960 252
689 867 240
367 795 78
115 912 228
4 918 39
270 805 188
162 675 28
156 606 229
4 983 60
256 568 266
421 716 125
105 195 159
141 936 155
549 867 207
790 918 195
161 812 189
77
87 950 231
517 739 249
438 748 298
160 760 167
143 911 122
283 842 122
344 977 31
364 887 168
125 587 35
591 747 298
161 954 273
392 988 38
259 517 294
384 975 66
143 742 216
16 329 189
300 991 251
215 953 253
123 642 47
84 975 150
345 887 194
329 566 11
364 798 107
731 988 27
761 843 200
43 991 57
276 687 277
215 438 277
759 798 137
352 955 273
84 975 212
548 843 288
16 421 200
430 833 245
141 155 42
392 703 64
345 993 133
392 739 30
504 988 223
364 552 198
94 548 252
357 652 109
344 759 106
701 854 288
374 703 226
247 514 133
141 553 251
329 758 228
43 421 70
16 833 173
382 873 140
298 552 60
376 949 98
122 977 62
300 885 276
16 780 145
348 675 25
632 725 191
30 881 72
634 667 104
348 597 11
348 863 110
823 955 282
134 798 284
667 991 7
504 912 93
534 776 5
122 634 228
155 873 191
125 701 115
185 430 197
439 988 89
123 881 251
357 911 187
160 506 185
591 949 222
259 988 130
63
113 619 29
246 619 23
34 49 297
79 527 206
43 272 129
522 599 123
696 746 61
442 443 2
145 649 76
343 940 90
53 696 213
49 674 173
205 703 294
163 819 276
49 84 90
651 784 203
360 807 63
84 746 113
262 943 126
272 852 176
480 984 222
31 665 150
79 277 28
484 640 96
599 657 3
363 703 294
113 304 246
277 665 264
443 537 209
372 852 291
125 829 257
495 619 135
619 670 194
163 474 182
49 822 58
537 723 300
34 829 80
495 696 109
84 940 193
480 757 55
57 947 136
537 687 100
179 319 119
186 659 186
627 716 132
471 563 294
519 865 27
163 363 45
83 304 160
397 757 198
43 852 189
537 540 251
527 852 89
49 53 32
674 819 69
186 372 112
83 480 102
397 474 283
585 760 123
70 974 182
16 113 98
125 563 233
57 716 119
52
450 697 683
573 860 4
16 297 115
313 904 116
179 773 50
521 970 124
339 566 105
66 827 255
152 522 687
34 997 757
385 731 411
460 948 527
50 988 949
358 774 11
208 770 83
63 611 496
597 917 520
249 993 826
242 723 29
517 789 688
28 940 635
67 980 678
42 109 969
47 945 47
120 991 978
157 362 476
487 943 665
354 653 265
429 937 233
459 678 685
765 801 320
32 957 173
681 856 246
159 380 654
163 379 216
206 397 335
486 645 781
106 607 715
20 999 687
656 901 439
382 800 23
249 654 907
792 925 912
459 998 690
114 872 900
261 614 328
95 964 822
200 828 548
44 573 35
101 997 961
102 978 68
28 971 638
59
213 522 370
389 955 60
631 956 311
120 797 639
602 867 812
31 923 359
514 654 393
246 1000 705
97 727 124
256 829 114
159 463 814
562 887 39
452 774 646
22 591 121
56 319 128
594 807 698
34 967 423
46 805 833
158 247 139
501 853 227
436 782 801
780 821 515
16 922 970
243 592 42
293 696 585
127 948 589
98 395 754
45 982 822
57 998 321
711 791 453
349 875 28
389 699 768
121 398 379
189 659 876
615 901 545
10 998 901
42 948 950
69 810 788
264 949 121
181 830 423
17 659 455
209 460 736
561 797 950
11 930 800
377 529 702
342 974 487
139 712 204
9 916 276
291 685 534
106 665 469
914 950 307
14 902 850
127 721 610
146 767 910
942 981 439
564 811 132
191 978 931
635 871 884
11 979 868
83
205 324 701
658 994 360
799 967 209
675 891 170
496 853 432
305 830 870
860 918 353
377 883 283
98 501 518
797 911 738
30 234 942
730 892 935
42 441 253
1 69 495
273 523 990
102 954 646
313 823 563
527 690 445
139 810 297
327 935 207
416 964 441
46 357 684
643 838 725
839 895 145
361 389 417
314 730 870
375 488 183
14 289 872
85 175 362
381 502 296
269 588 612
28 626 9
268 711 846
515 787 36
284 903 396
700 985 61
359 570 900
752 1000 914
84 623 88
336 465 941
52 631 210
431 594 835
493 602 454
279 800 968
562 835 223
583 614 207
183 643 917
543 934 916
808 908 1000
243 895 464
188 225 867
749 819 297
772 935 789
388 571 419
356 406 333
578 988 946
136 982 128
52 524 413
683 968 320
578 967 914
117 782 138
648 865 956
799 944 728
84 186 650
502 893 55
822 834 394
779 957 376
258 361 251
670 680 934
646 989 863
254 779 979
392 778 195
73 699 993
156 778 530
428 657 775
834 843 948
228 973 905
231 603 617
853 900 296
138 241 293
494 1000 71
237 330 200
524 936 272
68
58 907 57
65 765 125
524 905 170
46 890 231
308 925 113
540 792 2
283 952 29
3 991 107
21 722 185
3 303 209
77 478 240
109 739 52
52 857 263
308 612 220
675 857 265
186 610 68
627 704 123
57 937 299
146 924 185
207 550 112
355 610 12
740 937 8
52 802 195
58 940 168
35 739 54
548 925 272
422 550 178
556 952 113
21 952 48
315 851 8
320 501 260
247 836 156
284 937 276
696 836 138
222 737 75
138 638 201
21 728 217
44 627 254
10 769 172
65 179 102
44 765 5
763 910 224
149 710 160
53 198 177
138 769 196
179 722 127
53 696 195
10 586 117
111 540 295
23 890 262
109 905 233
23 937 166
13 638 69
109 418 292
53 890 298
3 418 244
146 198 101
46 991 294
482 905 139
494 762 283
186 940 237
52 940 158
422 556 56
21 769 155
744 814 44
96 991 201
3 13 176
315 952 183
67
440 641 134
95 272 140
144 304 220
272 663 128
15 949 242
376 495 202
500 846 200
118 480 72
173 794 47
233 797 73
49 862 250
749 774 202
49 949 138
144 422 54
477 544 273
128 233 182
173 872 86
900 969 58
724 837 138
317 550 151
794 811 1
1 900 12
272 975 240
449 703 293
133 862 243
128 209 217
498 657 50
280 808 18
189 811 205
352 976 167
189 769 285
189 352 247
241 769 142
326 976 240
238 449 120
485 797 77
110 776 258
95 221 68
457 475 74
476 477 178
480 588 101
195 703 195
41 373 259
299 474 286
233 811 29
402 874 60
355 872 260
204 424 218
144 399 239
64 173 265
411 837 93
64 941 127
238 862 80
280 424 190
49 909 253
317 548 109
121 811 128
7 837 113
221 894 81
103 476 237
708 774 198
411 976 54
118 898 246
221 717 67
34 941 57
304 949 139
195 590 37
95
658 810 248
202 580 198
326 509 95
525 743 120
278 366 159
115 597 251
183 916 288
537 833 237
241 675 267
666 957 134
664 972 121
394 640 269
810 944 283
685 725 262
442 584 208
25 102 162
202 482 81
525 982 21
200 241 203
202 630 93
856 867 100
269 740 113
567 664 184
298 596 238
355 950 132
233 885 116
559 852 254
807 831 272
522 608 186
584 622 142
685 975 177
259 801 188
45 384 122
442 733 127
400 613 21
102 408 262
268 627 254
281 442 34
306 534 140
528 590 42
281 437 68
208 567 92
597 692 236
276 801 80
580 880 236
202 340 63
577 720 24
110 326 197
325 597 108
597 982 207
7 339 37
233 613 103
394 622 165
25 640 106
233 856 216
394 597 77
612 893 52
208 374 200
268 511 242
497 645 13
627 794 4
374 878 145
120 522 271
474 556 6
608 872 78
110 474 153
855 916 50
236 326 218
469 482 193
110 685 64
241 522 276
353 598 243
370 692 162
180 782 215
268 807 181
65 370 100
200 298 282
69 897 202
18 852 161
202 766 161
622 685 214
25 782 107
380 801 191
355 621 134
437 872 43
509 786 79
627 664 124
72 852 176
767 912 290
133 180 57
298 612 139
61 798 293
580 841 115
183 528 123
121 537 127
77
24 449 807
108 898 230
391 694 957
54 580 447
364 867 55
290 304 345
68 975 438
48 753 504
887 922 779
241 907 405
128 935 55
7 996 802
38 120 124
243 653 362
579 971 902
198 250 745
166 306 217
323 880 91
364 964 497
493 980 435
328 807 734
403 481 373
18 988 366
424 775 80
639 659 338
575 710 279
785 884 257
552 893 777
2 555 340
67 717 284
315 756 633
47 396 545
33 916 955
266 894 114
370 916 524
140 998 888
144 722 902
287 900 355
580 967 103
35 687 219
194 269 163
158 900 934
470 553 389
191 367 650
555 706 432
66 746 283
50 586 4
259 552 811
464 973 796
193 976 454
311 633 924
676 998 235
194 619 111
196 952 917
208 874 84
531 706 301
448 583 846
87 731 976
514 559 819
243 568 65
197 614 997
343 823 600
300 881 418
268 871 757
24 916 730
193 469 861
178 945 388
385 892 566
294 841 101
227 500 743
345 401 414
175 426 629
103 861 968
215 436 525
5 976 948
93 814 20
28 617 376
82
295 489 799
320 779 900
151 882 642
104 890 408
70 825 36
105 618 3
238 691 527
10 434 826
688 833 198
70 804 925
37 881 295
662 802 757
769 845 258
50 814 143
19 220 89
123 982 950
76 277 745
57 937 706
245 462 205
66 928 209
237 684 585
581 980 179
43 955 947
115 900 25
320 990 134
220 480 300
392 660 672
483 929 800
120 684 615
544 803 962
631 849 722
58 692 398
9 974 536
321 982 130
114 622 939
50 748 350
194 221 717
1 945 216
408 440 375
4 1000 743
295 304 894
91 723 121
300 587 236
229 996 441
157 994 934
574 709 804
321 839 647
585 773 559
693 718 599
234 916 970
614 638 880
194 969 267
51 825 659
18 950 4
238 993 326
86 996 461
42 701 709
8 995 741
413 755 60
221 943 282
38 707 15
673 792 333
54 478 985
22 853 506
380 818 673
576 611 128
226 545 572
186 940 369
61 627 87
204 990 100
284 850 853
61 538 889
171 759 30
263 449 161
190 227 426
530 945 759
5 460 962
196 870 33
19 997 532
110 223 55
370 846 573
619 711 316
51
550 648 481
169 287 993
529 547 771
597 953 529
478 724 842
578 846 226
398 762 109
236 305 516
663 845 88
307 874 755
324 954 304
122 156 942
20 501 470
616 623 775
445 503 498
374 696 695
771 921 456
382 428 43
442 897 887
336 667 193
90 343 498
498 745 619
350 687 990
508 972 605
474 634 401
132 521 774
178 442 897
175 986 324
28 71 117
406 915 784
459 495 126
591 957 975
629 927 325
137 917 648
770 873 474
253 274 994
47 431 787
295 416 961
443 618 31
709 735 788
520 870 634
828 995 225
106 969 853
293 374 341
293 599 111
766 872 715
111 270 497
565 898 264
210 534 59
241 620 767
380 489 638
