100 20 10 159
1 3 7
1 5 8
1 6 6
7 1 2
1 8 2
9 1 7
1 10 8
1 11 7
14 1 7
1 15 7
1 16 8
1 19 1
1 20 6
2 3 5
2 4 2
2 5 2
2 7 2
2 8 3
2 9 9
10 2 4
11 2 6
13 2 9
2 14 5
15 2 6
16 2 10
18 2 7
19 2 5
2 20 9
3 5 7
3 6 6
7 3 6
3 8 8
3 9 6
10 3 3
11 3 5
12 3 8
13 3 3
3 14 3
15 3 2
16 3 8
3 17 2
3 18 7
19 3 9
3 20 6
5 4 9
6 4 1
7 4 6
4 8 4
9 4 7
10 4 3
4 11 8
4 14 3
15 4 7
4 16 1
4 19 7
20 4 10
6 5 3
5 7 9
5 8 1
5 9 9
5 10 2
5 12 10
5 13 7
14 5 6
5 15 1
5 16 3
17 5 8
5 18 3
19 5 6
20 5 1
7 6 6
8 6 1
9 6 6
6 10 1
11 6 9
6 13 1
14 6 2
6 15 1
6 16 3
17 6 7
6 19 9
6 20 5
8 7 1
7 10 6
11 7 10
7 12 10
7 13 6
14 7 10
15 7 5
7 16 9
17 7 1
18 7 4
19 7 5
7 20 3
8 9 10
10 8 8
11 8 7
8 12 9
13 8 10
8 14 6
15 8 10
16 8 5
17 8 7
18 8 7
8 19 1
8 20 1
11 9 10
12 9 10
13 9 6
9 14 6
9 15 4
9 16 5
17 9 9
9 18 4
19 9 3
20 9 1
11 10 8
13 10 7
10 14 7
15 10 4
16 10 10
18 10 10
10 19 6
20 10 5
12 11 7
13 11 6
14 11 5
15 11 9
11 16 3
17 11 6
11 18 2
19 11 8
20 11 4
13 12 7
14 12 7
15 12 6
12 17 1
12 18 2
12 19 7
20 12 5
13 14 4
13 15 3
13 17 3
13 20 4
15 14 6
16 14 5
17 14 9
14 18 2
14 19 2
20 14 1
15 16 6
15 17 2
15 18 6
19 15 6
15 20 10
16 18 4
16 19 9
20 16 5
17 20 3
46
16 24 50
10 24 50
17 24 30
16 94 100
6 1 23
15 86 93
8 23 74
19 1 22
4 23 23
15 24 30
5 14 60
3 23 23
12 14 22
12 61 74
3 1 13
17 14 22
3 31 50
16 14 22
12 86 93
18 24 50
16 61 74
2 31 50
9 94 100
2 14 22
7 94 100
7 1 22
17 75 93
18 61 74
19 51 60
11 1 50
19 24 30
10 1 22
9 1 13
19 86 93
13 51 74
4 31 74
13 14 22
5 75 100
9 23 30
7 24 85
3 86 93
6 61 74
8 94 100
14 31 100
11 61 93
2 75 85
