1000 100
726 683 563 802 445 93 660 522 922 148 503 540 76 365 461 966 302 947 946 933 400 268 419 903 287 61 377 997 485 410 801 380 925 581 399 120 614 17 591 459 808 630 623 708 5 385 887 499 80 269 18 451 586 446 288 542 479 642 131 33 629 86 574 882 458 431 652 493 750 100 784 838 888 150 707 403 421 216 143 171 584 994 186 731 175 890 535 817 83 258 154 972 824 199 7 710 456 596 753 197 215 654 762 509 751 576 26 351 442 695 69 51 559 448 105 390 260 189 573 375 561 474 213 282 776 53 568 52 744 626 931 677 113 702 895 975 184 29 290 625 923 666 624 6 64 843 986 814 805 174 517 745 864 685 62 413 480 770 164 218 205 919 827 270 255 956 778 739 318 454 406 397 831 408 224 195 718 640 358 543 507 659 124 916 437 742 746 153 146 416 963 46 354 951 283 489 945 328 274 990 475 273 558 145 79 297 469 379 81 536 639 214 371 196 126 768 715 594 987 598 449 267 593 158 212 670 849 611 388 910 936 259 423 955 819 688 783 13 606 257 870 355 3 149 981 73 484 108 134 429 929 460 935 816 618 512 240 20 19 40 734 852 968 973 476 501 295 755 872 698 560 394 207 901 378 741 974 792 130 616 628 305 855 231 728 794 296 551 643 286 876 600 861 490 350 401 230 743 609 862 965 538 427 264 362 621 247 15 8 892 752 633 671 725 699 790 845 980 243 521 384 889 599 356 424 391 620 35 343 55 960 772 705 25 529 435 799 850 219 504 502 757 958 415 687 95 341 74 119 128 127 223 133 587 50 697 875 605 706 883 532 645 775 402 885 689 141 650 865 880 592 88 136 760 367 23 854 763 404 180 177 486 284 977 129 661 322 94 363 942 372 222 908 198 525 47 292 311 466 411 37 764 30 523 811 332 203 324 622 14 244 582 641 934 912 686 730 326 796 12 438 634 200 998 368 462 514 927 450 304 632 235 315 788 463 787 492 711 991 39 983 359 265 395 913 993 886 962 602 336 217 549 137 271 907 672 967 724 530 932 285 996 791 317 261 16 316 301 163 331 162 92 82 917 653 193 353 943 374 455 310 291 471 878 319 473 117 54 90 914 860 348 157 891 795 168 58 896 828 969 636 28 797 970 918 106 550 615 590 206 844 159 867 96 465 527 335 87 765 807 452 952 179 924 439 346 161 498 210 9 298 655 294 567 722 249 173 565 646 539 858 516 41 381 554 664 553 482 234 432 826 112 519 263 102 428 48 720 964 679 515 221 101 491 320 386 738 950 528 954 585 495 36 300 868 999 176 140 443 579 426 680 256 644 254 566 938 834 842 588 721 57 692 597 829 617 806 841 771 647 723 4 281 262 848 649 387 740 836 357 840 307 312 494 468 24 279 321 472 948 123 237 690 342 252 656 251 985 837 780 289 481 114 610 835 34 340 370 603 241 978 412 107 417 409 457 500 604 434 658 453 800 420 930 940 98 673 899 10 306 65 909 789 803 147 151 583 696 77 877 303 313 84 110 155 537 893 920 785 209 118 992 676 510 487 280 169 91 245 248 194 665 75 832 619 56 182 657 373 59 613 793 949 921 464 874 293 859 478 798 229 125 957 547 467 853 766 276 496 188 398 714 170 635 572 989 511 570 364 781 488 810 366 601 425 60 109 779 648 944 727 733 314 42 545 405 526 713 226 508 700 684 782 70 250 239 308 389 732 548 433 333 833 345 325 430 774 139 242 192 928 926 132 823 556 534 275 99 911 266 236 729 323 232 22 190 856 716 552 678 97 682 546 38 441 881 533 703 847 758 470 160 681 668 773 675 607 637 863 759 988 166 202 330 71 754 185 45 85 900 902 253 360 122 663 2 674 557 167 971 414 531 939 246 809 719 383 1000 277 444 704 953 337 937 571 904 804 178 691 208 995 520 608 749 505 31 595 165 278 982 709 735 976 115 562 225 979 693 544 327 418 941 839 1 717 228 68 667 638 103 67 575 871 191 233 897 578 393 238 142 580 227 201 299 436 747 66 344 329 846 879 961 144 820 894 812 866 701 669 172 906 349 32 72 21 369 984 869 89 352 524 748 631 813 392 338 152 11 694 541 518 43 651 211 851 483 830 905 777 44 334 181 662 873 376 156 382 769 884 63 569 589 111 513 309 756 396 407 737 104 440 825 78 135 915 422 339 138 187 49 347 712 555 116 815 818 959 898 477 821 786 497 857 564 822 27 736 183 612 577 361 272 121 220 506 761 767 447 204 627 
3 1
4 2
5 3
6 3
7 4
8 4
9 3
10 3
11 9
12 5
13 9
14 8
15 3
16 2
17 13
18 11
19 2
20 2
21 20
22 20
23 13
24 17
25 12
26 24
27 24
28 9
29 23
30 1
31 2
32 2
33 8
34 30
35 33
36 18
37 7
38 2
39 35
40 1
41 1
42 38
43 32
44 30
45 42
46 37
47 35
48 19
49 42
50 4
51 3
52 28
53 37
54 32
55 51
56 55
57 19
58 52
59 12
60 30
61 44
62 6
63 51
64 8
65 13
66 6
67 18
68 2
69 29
70 12
71 40
72 50
73 9
74 16
75 25
76 71
77 44
78 48
79 55
80 78
81 56
82 1
83 5
84 8
85 83
86 81
87 32
88 20
89 43
90 48
91 51
92 29
93 35
94 86
95 28
96 25
97 83
98 40
99 27
100 2
101 4
102 43
1000
B 103 29
B 104 77
Q 217 1
Q 641 1
B 105 89
Q 283 1
Q 491 1
Q 208 1
B 106 23
B 107 45
Q 52 51
Q 409 1
Q 703 1
B 108 81
B 109 100
Q 305 1
Q 1000 1
Q 462 1
B 110 93
B 111 62
B 112 58
Q 839 1
Q 810 1
B 113 103
Q 510 1
Q 654 1
Q 439 1
B 114 93
Q 999 1
B 115 94
Q 644 1
B 116 97
Q 650 1
B 117 15
B 118 103
B 119 36
B 120 92
B 121 92
B 122 103
B 123 81
Q 971 1
B 124 86
Q 228 1
Q 455 1
Q 465 1
B 125 31
B 126 41
Q 585 1
B 127 1
Q 510 1
B 128 10
B 129 123
Q 574 1
Q 129 1
B 130 59
Q 175 1
B 131 12
B 132 111
Q 482 1
Q 93 26
B 133 96
Q 238 1
B 134 16
B 135 96
Q 698 1
B 136 112
Q 411 1
Q 477 1
B 137 35
Q 512 1
B 138 48
B 139 98
B 140 11
B 141 112
Q 966 1
B 142 38
Q 861 1
Q 932 1
Q 671 1
B 143 118
Q 661 1
Q 947 1
B 144 101
B 145 71
Q 869 1
Q 677 1
B 146 133
Q 465 1
B 147 126
B 148 90
Q 987 1
B 149 120
Q 725 1
B 150 112
B 151 86
B 152 88
B 153 95
Q 12 13
B 154 129
Q 90 15
Q 799 1
B 155 133
B 156 129
B 157 104
B 158 74
Q 80 25
Q 832 1
B 159 118
B 160 118
B 161 131
Q 649 1
B 162 6
B 163 1
B 164 29
Q 715 1
Q 759 1
B 165 146
Q 77 39
Q 408 1
Q 981 1
Q 699 1
B 166 66
Q 733 1
B 167 115
B 168 45
Q 277 1
Q 800 1
B 169 70
B 170 24
B 171 106
Q 704 1
Q 650 1
Q 993 1
Q 958 1
Q 136 1
B 172 171
B 173 50
Q 431 1
B 174 70
Q 41 43
B 175 28
Q 300 1
B 176 128
Q 84 26
Q 693 1
B 177 168
Q 112 1
Q 530 1
Q 657 1
B 178 128
B 179 136
B 180 65
Q 337 1
B 181 94
Q 207 1
B 182 20
Q 843 1
Q 178 1
Q 810 1
B 183 91
B 184 129
Q 347 1
Q 963 1
B 185 90
Q 797 1
B 186 134
Q 753 1
Q 774 1
Q 238 1
B 187 186
B 188 55
Q 286 1
Q 122 1
Q 526 1
Q 713 1
B 189 70
B 190 73
B 191 164
B 192 16
B 193 46
Q 287 1
Q 374 1
B 194 172
B 195 180
B 196 180
B 197 44
B 198 123
Q 603 1
Q 632 1
B 199 128
Q 280 1
Q 450 1
Q 999 1
B 200 183
B 201 51
B 202 34
Q 295 1
B 203 104
B 204 14
Q 103 1
Q 752 1
Q 649 1
Q 988 1
B 205 189
Q 418 1
Q 956 1
Q 73 58
Q 346 1
Q 129 1
B 206 104
Q 266 1
Q 838 1
Q 35 14
B 207 157
B 208 31
B 209 139
B 210 180
Q 112 1
B 211 175
B 212 194
Q 384 1
B 213 13
Q 798 1
Q 884 1
Q 855 1
B 214 29
B 215 147
Q 523 1
Q 461 1
Q 986 1
Q 89 32
Q 507 1
B 216 164
B 217 71
B 218 67
Q 780 1
Q 391 1
Q 744 1
Q 724 1
B 219 200
Q 378 1
B 220 183
B 221 54
B 222 131
B 223 14
Q 118 1
Q 728 1
B 224 195
Q 55 30
Q 398 1
B 225 121
B 226 215
B 227 133
Q 75 4
Q 244 1
B 228 93
Q 485 1
B 229 20
B 230 171
Q 241 1
B 231 89
B 232 71
Q 763 1
Q 762 1
Q 528 1
B 233 80
B 234 160
B 235 60
Q 710 1
B 236 162
B 237 217
B 238 189
Q 123 1
Q 196 1
B 239 165
B 240 74
Q 357 1
B 241 31
Q 458 1
B 242 231
Q 135 1
Q 853 1
B 243 97
Q 958 1
Q 456 1
B 244 217
B 245 150
B 246 240
Q 190 1
B 247 98
Q 964 1
Q 713 1
B 248 86
Q 840 1
Q 582 1
Q 717 1
Q 657 1
B 249 190
Q 899 1
Q 858 1
B 250 36
Q 634 1
B 251 166
B 252 20
B 253 95
Q 472 1
Q 712 1
Q 906 1
B 254 81
B 255 171
B 256 63
Q 370 1
Q 763 1
B 257 102
Q 27 51
B 258 140
Q 609 1
Q 484 1
B 259 108
B 260 172
Q 551 1
Q 496 1
Q 467 1
B 261 202
Q 30 33
B 262 165
B 263 237
B 264 72
B 265 47
Q 350 1
Q 391 1
Q 311 1
Q 323 1
B 266 162
Q 99 43
Q 583 1
B 267 179
Q 391 1
Q 532 1
B 268 134
B 269 135
Q 493 1
B 270 154
B 271 202
B 272 199
B 273 100
Q 759 1
Q 760 1
Q 57 31
B 274 66
B 275 206
B 276 53
Q 192 1
B 277 268
Q 484 1
B 278 37
Q 693 1
B 279 137
Q 723 1
B 280 56
Q 44 41
B 281 133
Q 801 1
Q 866 1
Q 695 1
Q 706 1
B 282 151
B 283 27
Q 699 1
Q 400 1
Q 305 1
B 284 238
Q 724 1
Q 75 52
B 285 281
Q 534 1
B 286 83
Q 229 1
Q 900 1
B 287 172
B 288 192
B 289 211
Q 574 1
Q 381 1
Q 1000 1
Q 16 17
B 290 140
Q 236 1
B 291 76
B 292 29
Q 809 1
Q 308 1
B 293 196
B 294 84
Q 200 1
B 295 246
B 296 162
Q 735 1
B 297 160
Q 775 1
B 298 113
Q 829 1
Q 701 1
Q 465 1
Q 67 50
B 299 106
B 300 278
Q 740 1
B 301 58
B 302 38
Q 108 1
Q 625 1
Q 808 1
B 303 116
Q 16 7
Q 463 1
Q 508 1
B 304 24
B 305 155
B 306 97
B 307 133
B 308 66
B 309 279
B 310 127
B 311 41
B 312 223
B 313 302
B 314 175
B 315 139
B 316 192
Q 278 1
Q 334 1
Q 131 1
Q 15 29
Q 312 1
Q 490 1
B 317 77
Q 970 1
B 318 115
B 319 304
B 320 180
Q 652 1
Q 457 1
B 321 226
Q 920 1
Q 728 1
Q 528 1
B 322 314
B 323 201
Q 541 1
B 324 104
Q 338 1
B 325 156
Q 110 1
Q 894 1
B 326 168
B 327 98
Q 268 1
B 328 141
B 329 265
B 330 31
B 331 155
Q 878 1
B 332 192
Q 665 1
Q 21 35
Q 626 1
B 333 94
Q 525 1
Q 688 1
Q 688 1
Q 507 1
B 334 139
Q 249 1
B 335 296
Q 962 1
B 336 315
B 337 290
Q 709 1
B 338 118
B 339 17
Q 344 1
Q 160 1
B 340 135
B 341 259
Q 951 1
B 342 213
Q 980 1
Q 778 1
B 343 196
B 344 200
B 345 336
B 346 74
Q 481 1
B 347 216
Q 533 1
B 348 310
Q 791 1
B 349 97
B 350 18
B 351 138
Q 571 1
Q 897 1
B 352 116
Q 167 1
B 353 51
Q 690 1
Q 314 1
Q 345 1
Q 196 1
Q 934 1
B 354 31
Q 464 1
B 355 204
Q 495 1
B 356 153
B 357 21
B 358 274
B 359 116
B 360 16
Q 995 1
B 361 116
Q 741 1
Q 737 1
Q 231 1
Q 328 1
B 362 108
Q 117 1
Q 968 1
Q 569 1
B 363 296
B 364 358
Q 848 1
Q 891 1
Q 543 1
B 365 359
Q 115 1
B 366 284
B 367 307
Q 383 1
B 368 301
B 369 91
Q 501 1
Q 180 1
B 370 5
B 371 316
B 372 236
Q 875 1
B 373 241
B 374 281
Q 208 1
B 375 318
Q 580 1
Q 33 32
B 376 152
B 377 363
B 378 371
B 379 248
Q 179 1
B 380 311
Q 425 1
B 381 183
B 382 40
B 383 146
B 384 365
B 385 100
B 386 63
B 387 202
Q 346 1
B 388 384
B 389 235
Q 822 1
Q 296 1
B 390 125
Q 66 32
Q 585 1
Q 17 32
B 391 265
Q 201 1
B 392 295
B 393 312
Q 476 1
Q 693 1
Q 945 1
Q 547 1
Q 716 1
B 394 14
B 395 210
Q 933 1
B 396 255
Q 632 1
Q 637 1
Q 355 1
Q 12 27
B 397 350
Q 50 34
Q 449 1
Q 500 1
B 398 161
Q 397 1
B 399 255
Q 407 1
B 400 347
B 401 310
B 402 49
B 403 55
B 404 46
Q 996 1
B 405 80
B 406 353
Q 240 1
Q 971 1
B 407 334
B 408 207
B 409 120
B 410 401
B 411 268
Q 461 1
Q 960 1
Q 506 1
B 412 44
B 413 70
B 414 271
B 415 49
Q 332 1
B 416 371
B 417 55
Q 107 1
B 418 33
Q 778 1
Q 997 1
B 419 321
B 420 72
Q 179 1
B 421 383
Q 961 1
Q 833 1
B 422 40
B 423 271
B 424 206
Q 953 1
B 425 101
B 426 184
Q 288 1
Q 295 1
Q 239 1
Q 429 1
B 427 100
Q 137 1
B 428 237
B 429 325
Q 285 1
B 430 257
B 431 93
Q 921 1
B 432 344
Q 37 18
Q 577 1
Q 770 1
B 433 337
Q 662 1
Q 935 1
Q 421 1
Q 371 1
B 434 53
B 435 384
Q 970 1
B 436 14
B 437 256
Q 848 1
Q 182 1
B 438 354
Q 991 1
B 439 22
B 440 317
Q 993 1
B 441 222
Q 982 1
Q 791 1
Q 161 1
B 442 112
B 443 253
B 444 1
Q 832 1
B 445 71
B 446 434
B 447 93
Q 333 1
B 448 81
Q 797 1
Q 755 1
Q 171 1
Q 385 1
B 449 43
B 450 142
Q 6 51
Q 993 1
B 451 365
B 452 335
Q 129 1
B 453 23
Q 296 1
B 454 335
Q 388 1
Q 946 1
B 455 117
Q 569 1
Q 848 1
B 456 386
Q 180 1
Q 347 1
Q 937 1
Q 385 1
Q 879 1
Q 681 1
Q 655 1
B 457 179
B 458 275
Q 737 1
Q 662 1
B 459 122
B 460 459
Q 459 1
Q 20 36
Q 407 1
Q 84 8
B 461 267
Q 211 1
B 462 134
B 463 354
B 464 144
B 465 302
Q 627 1
B 466 400
Q 39 15
Q 336 1
Q 672 1
B 467 153
B 468 113
Q 243 1
B 469 233
Q 90 24
Q 937 1
Q 433 1
B 470 190
Q 172 1
B 471 320
B 472 99
B 473 221
B 474 252
Q 900 1
B 475 91
B 476 14
B 477 281
Q 406 1
Q 422 1
B 478 243
Q 521 1
B 479 346
B 480 360
Q 910 1
B 481 449
B 482 344
B 483 375
B 484 366
B 485 157
B 486 433
B 487 61
Q 402 1
B 488 111
B 489 403
B 490 308
Q 328 1
Q 493 1
B 491 368
Q 163 1
Q 826 1
Q 880 1
Q 358 1
Q 455 1
Q 229 1
Q 224 1
Q 121 1
Q 709 1
Q 420 1
Q 24 37
Q 966 1
Q 61 4
B 492 198
Q 626 1
Q 707 1
B 493 393
Q 726 1
Q 893 1
B 494 60
Q 250 1
B 495 388
Q 483 1
Q 540 1
Q 483 1
B 496 477
B 497 444
B 498 456
Q 659 1
Q 712 1
Q 618 1
B 499 169
Q 144 1
Q 151 1
Q 37 30
Q 550 1
B 500 226
B 501 452
B 502 35
B 503 496
Q 100 5
Q 938 1
Q 24 23
Q 618 1
Q 901 1
Q 413 1
Q 464 1
B 504 502
Q 381 1
Q 738 1
B 505 237
B 506 148
B 507 31
Q 133 1
B 508 87
B 509 328
B 510 64
Q 165 1
B 511 285
B 512 143
B 513 119
B 514 32
Q 282 1
Q 276 1
Q 61 40
Q 209 1
B 515 338
Q 473 1
Q 171 1
B 516 412
B 517 305
B 518 26
B 519 307
Q 808 1
B 520 98
B 521 52
B 522 508
B 523 291
B 524 379
Q 994 1
Q 995 1
Q 389 1
Q 118 1
Q 427 1
B 525 380
Q 134 1
Q 992 1
Q 266 1
Q 369 1
Q 853 1
B 526 342
Q 152 1
B 527 385
B 528 106
Q 512 1
Q 706 1
Q 292 1
B 529 491
Q 330 1
B 530 77
Q 267 1
Q 270 1
Q 39 42
Q 436 1
Q 88 41
B 531 311
Q 145 1
B 532 39
B 533 196
B 534 248
B 535 14
B 536 274
Q 249 1
Q 272 1
B 537 295
Q 847 1
Q 646 1
B 538 53
Q 814 1
Q 482 1
Q 637 1
B 539 460
B 540 505
Q 432 1
Q 685 1
B 541 80
Q 747 1
B 542 188
Q 452 1
Q 102 23
Q 719 1
B 543 119
Q 743 1
Q 263 1
B 544 501
Q 62 36
B 545 111
Q 435 1
Q 45 9
Q 617 1
B 546 518
B 547 360
B 548 366
Q 816 1
Q 20 23
B 549 149
B 550 486
B 551 307
B 552 32
B 553 494
Q 784 1
B 554 106
Q 78 31
Q 335 1
B 555 452
Q 137 1
B 556 449
Q 642 1
B 557 437
Q 381 1
B 558 233
B 559 258
B 560 35
Q 18 9
Q 162 1
Q 842 1
B 561 460
B 562 44
B 563 436
Q 123 1
Q 300 1
Q 404 1
B 564 517
Q 805 1
B 565 353
Q 715 1
Q 939 1
B 566 414
B 567 270
B 568 355
Q 395 1
Q 91 57
Q 940 1
Q 388 1
Q 924 1
B 569 249
Q 594 1
B 570 362
Q 8 4
Q 955 1
B 571 180
Q 937 1
Q 495 1
Q 788 1
Q 518 1
Q 671 1
B 572 493
Q 145 1
Q 712 1
Q 5 53
Q 421 1
B 573 169
B 574 1
B 575 168
Q 10 36
B 576 172
Q 406 1
B 577 8
Q 853 1
B 578 232
Q 986 1
B 579 319
B 580 185
B 581 395
B 582 38
B 583 15
B 584 199
B 585 65
B 586 176
Q 581 1
B 587 5
B 588 162
Q 493 1
Q 777 1
Q 384 1
