1
20 12 20
412060525 42425138 67114752 160822495 201962681 926214957 380263349 733667141 869039239 641017702 154667400 461702107 438851950 176272938 209229857 985208975 762952138 936593832 409183276 999506034
2 17
4 1
15 3
3 10
9 10
7 16
19 15
13 2
6 2
3 14
7 18
8 15
Q 6 17 2
Q 762952152 762952154 762952139
L 380263329 380263352
L 380263357 380263333
Q 380263356 380263359 380263348
L 641017709 641017703
L 641017716 641017700
Q 641017716 641017704 641017698
Q 380263359 380263357 380263345
L 733667140 733667136
L 733667150 733667156
L 733667145 733667142
Q 733667149 733667145 733667140
Q 67114772 67114761 67114759
Q 733667145 733667159 733667142
Q 380263359 380263356 380263351
Q 869039233 869039232 869039237
Q 380263359 380263345 380263356
Q 733667136 733667140 733667143
Q 412060537 412060516 412060519
