1000 1099 200
1 3 3827
1 4 5237
2 8 12415
2 9 13854
3 4 14780
3 6 19555
4 5 27417
4 9 15721
5 6 25554
9 10 24187
10 11 4864
11 13 32101
11 15 1547
12 17 13710
12 20 10194
13 19 30473
14 15 24080
14 18 5867
15 18 7861
16 17 15283
16 19 9560
20 21 19841
21 28 28908
22 23 4460
22 29 13399
24 26 4163
24 29 30888
26 27 11373
26 29 26098
26 30 10193
27 29 4128
28 29 8675
30 31 20279
31 33 5972
31 38 9955
32 39 30704
32 40 8011
33 37 19625
33 40 16749
34 36 30450
34 38 15267
36 38 7107
36 40 5881
40 41 8199
41 43 27767
41 50 2378
42 49 16791
42 50 27857
43 49 11636
43 50 10376
44 47 13438
45 47 15478
45 49 30386
45 50 4230
50 51 27811
51 53 4587
51 55 4581
51 58 11378
52 53 3979
52 59 1907
53 55 20439
54 60 27460
56 58 27741
57 59 7010
58 60 12822
60 61 4770
61 66 4923
61 67 14887
62 69 23785
63 65 14592
63 67 30418
63 70 10633
64 67 25993
66 68 11019
67 68 19504
69 70 14641
70 71 20622
71 74 16456
72 73 7382
72 75 23657
72 76 21672
73 76 25336
73 79 16143
74 75 4387
75 80 13711
76 80 20288
78 80 10368
80 81 14397
81 86 19261
82 86 19846
82 89 20223
83 88 17155
83 90 2394
84 88 27678
84 90 2985
86 87 23030
88 90 6904
89 90 31782
90 91 13358
91 96 24780
91 98 26240
91 100 21934
92 97 24176
92 100 31671
93 98 3564
94 98 10013
95 100 589
97 98 31210
98 99 16183
100 101 21455
101 102 28088
101 104 18778
101 105 26898
102 110 9731
103 105 16143
103 106 22465
103 107 10201
103 109 22517
104 109 22952
108 109 1257
110 111 32453
111 117 14407
112 115 2222
112 117 2599
113 117 12643
113 120 28069
114 118 17451
116 118 31525
116 119 20805
117 119 7593
118 120 19557
120 121 17381
121 130 21495
122 123 31484
122 127 3950
122 128 18435
123 125 17716
123 130 32447
125 126 3319
125 130 1851
126 128 26970
128 129 20777
130 131 11365
131 135 27434
131 139 25628
132 133 9585
133 135 14631
134 136 8793
134 138 14199
134 140 3310
135 137 31046
136 137 11383
138 139 12007
140 141 1405
141 143 4669
141 144 31718
142 144 2778
143 144 18211
143 146 12300
143 150 20602
145 147 101
145 149 5363
146 149 8840
147 148 12157
150 151 24886
151 158 5426
151 159 25845
151 160 7414
152 155 32714
152 156 29882
154 160 17366
155 159 31274
155 160 9184
156 158 22940
159 160 5380
160 161 11620
161 164 9005
161 165 26889
162 166 13822
162 169 30450
162 170 29265
164 166 25715
166 167 17536
166 170 6000
168 169 16906
169 170 8687
170 171 17751
171 174 11081
172 174 31911
173 176 25566
174 175 11635
174 176 24442
174 177 14272
176 178 21452
177 180 318
178 179 25497
179 180 28197
180 181 9368
181 184 32300
182 189 15638
183 186 5652
183 190 8149
184 189 659
184 190 24514
185 190 26543
187 188 8817
187 189 10174
188 190 12173
190 191 26540
191 192 19604
191 194 16957
191 199 20372
192 200 2639
193 200 26827
194 197 15486
194 199 25179
195 198 661
196 197 20070
196 200 32674
200 201 8022
201 207 4531
202 204 17183
202 210 24201
203 205 25007
203 207 27326
203 209 8188
204 205 14127
205 206 5187
205 207 32428
205 208 15734
210 211 15932
211 213 7918
211 214 17531
211 216 27354
212 216 10454
213 218 14600
213 219 20912
213 220 29936
214 218 10426
216 218 17711
218 220 22275
220 221 32731
221 226 28299
221 230 6727
222 227 21849
224 226 14400
224 228 9833
224 229 24000
226 228 7922
226 230 8106
227 228 8902
228 229 21271
230 231 30948
231 233 30765
231 235 10613
232 233 17568
232 240 28872
233 237 4938
235 240 5892
236 239 27010
237 240 15027
238 239 2067
238 240 19532
240 241 27907
241 247 11112
241 249 5263
242 244 6726
242 247 31494
242 250 8907
243 247 11872
243 248 8225
245 246 30161
247 248 31385
247 250 1699
250 251 20369
251 254 14612
251 259 19799
251 260 1304
252 260 2921
253 254 3623
253 255 10632
253 260 32387
254 258 5228
257 259 13716
259 260 1315
260 261 10834
261 262 14432
261 265 10709
261 266 1348
261 269 7039
262 264 30565
263 265 32607
264 265 28194
265 267 16568
265 270 4997
267 268 1503
270 271 20289
271 275 12222
272 277 16012
273 274 3779
273 279 16361
274 275 16395
275 278 23066
276 277 31996
277 279 16342
278 279 14519
278 280 32246
280 281 514
281 283 4145
281 288 5532
283 285 14501
284 285 11289
284 286 6335
284 290 10169
287 288 15932
287 289 10708
288 290 11609
289 290 5332
290 291 31090
291 293 26327
292 296 18332
293 295 31331
293 296 13049
293 298 26080
294 297 2273
297 298 14253
297 299 17167
297 300 31753
299 300 6255
300 301 9005
301 302 336
301 309 20807
302 306 12784
302 308 12087
303 306 26318
303 309 18999
304 305 30754
305 309 16862
307 310 5731
309 310 16154
310 311 24527
311 312 17428
311 320 16198
312 317 9245
312 318 18175
312 320 11283
313 315 3549
313 318 1759
313 319 3180
315 318 1788
315 320 7890
320 321 1325
321 322 15158
321 323 17854
321 329 10345
322 324 8464
322 328 7896
323 330 20794
324 326 19985
324 328 5641
327 328 21339
328 329 10661
330 331 21049
331 335 5019
332 340 9674
333 334 5421
333 337 6756
334 337 266
335 336 22757
335 340 8671
337 338 14720
337 339 11875
337 340 8729
340 341 32456
341 342 29811
341 344 5820
342 344 29360
342 348 28762
343 349 29944
344 348 6077
345 347 24902
345 350 25618
347 348 7849
348 349 16991
350 351 18300
351 358 26456
352 354 14940
352 356 10484
352 357 26608
353 355 1447
353 356 27571
356 359 20072
356 360 12396
357 360 20973
358 359 9455
360 361 6854
361 367 27741
362 364 7989
362 365 3333
363 368 30973
363 369 31623
364 367 11395
365 367 3060
365 368 485
365 370 24824
366 369 18431
370 371 29013
371 372 22653
371 374 15930
371 375 11606
371 377 26932
371 380 7031
373 378 3789
373 379 9054
375 380 13086
376 378 4086
377 379 14292
380 381 7417
381 382 20347
381 388 27030
381 390 16399
382 383 24891
383 389 5919
384 386 21421
384 387 17417
384 388 32463
386 389 28955
389 390 8144
390 391 31379
391 394 3734
392 396 6873
392 397 15769
392 398 23920
392 399 2450
393 395 13928
393 399 24488
393 400 19026
394 395 13827
394 398 4884
400 401 29160
401 403 12294
401 404 28623
402 405 25658
402 406 17683
403 404 7147
403 408 20519
403 410 23130
406 409 4985
408 410 15272
409 410 30824
410 411 21102
411 413 17149
411 416 10014
411 419 1087
411 420 3962
412 419 2144
412 420 1692
414 419 26385
415 416 12901
416 418 20418
418 420 26962
420 421 14490
421 422 25607
421 429 3685
421 430 24585
422 424 13524
422 425 25987
422 426 25013
423 425 12305
425 426 29466
425 427 31447
426 429 8069
430 431 12922
431 439 6285
431 440 25521
432 433 15260
432 437 13191
433 434 2487
433 440 22149
434 436 9840
434 437 26207
436 438 24430
438 439 12764
440 441 2353
441 442 16646
441 443 8955
441 445 22511
442 443 777
443 444 21644
443 446 5500
443 450 26740
444 445 19363
445 447 30084
445 450 1671
450 451 19640
451 460 24298
452 460 18616
454 456 32272
454 458 18926
455 460 5651
456 457 2075
456 459 15757
456 460 3526
457 458 20957
459 460 5119
460 461 23639
461 463 26946
461 466 6679
461 468 9352
461 470 852
462 464 11718
463 464 22115
464 468 12129
466 467 3027
466 470 24686
468 469 1083
470 471 21933
471 472 1463
471 476 14243
473 474 3633
473 476 28225
473 478 26840
473 480 5873
474 478 10363
476 477 16
478 479 30118
478 480 32019
480 481 22190
481 482 16614
481 483 2320
482 483 6224
482 490 32458
483 488 27738
483 490 26532
485 486 29963
486 490 11639
487 490 1790
488 490 17399
490 491 31381
491 495 28558
491 498 25048
492 494 1095
492 495 10821
493 496 25819
493 498 29206
494 496 2911
497 498 21707
498 499 28706
499 500 20733
500 501 2235
501 502 14785
501 503 10335
501 510 30755
502 504 5101
502 508 17795
504 510 28498
505 506 3550
505 510 5951
507 510 24897
508 510 20795
510 511 22012
511 516 19866
512 515 2386
512 516 4579
512 517 6836
512 520 22438
513 516 7627
516 519 2779
516 520 8669
518 520 11315
519 520 8529
520 521 16136
521 522 606
522 524 26584
523 524 23083
523 528 18272
525 527 28134
526 528 16345
526 530 2459
527 528 31982
527 529 17117
528 530 7246
530 531 11631
531 535 1052
531 537 31386
531 540 7554
532 533 32723
534 540 7473
535 537 18390
535 538 4250
537 539 10601
538 539 24089
538 540 31072
540 541 6007
541 544 22940
541 549 14693
542 543 29971
542 549 2013
543 547 14641
543 550 30354
545 550 24326
546 547 17876
547 548 27422
548 550 32654
550 551 16642
551 555 7502
552 554 4000
552 558 10104
554 556 17977
555 559 24331
556 559 32136
556 560 20135
557 559 24372
557 560 17594
558 560 9685
560 561 2031
561 563 25102
561 569 24673
561 570 21896
562 567 8991
562 568 31456
563 566 6910
563 567 18868
565 568 16590
566 570 124
569 570 1647
570 571 18901
571 573 21336
571 575 350
571 576 1679
573 577 15458
573 579 12579
573 580 7391
574 577 5538
575 578 27046
576 580 7207
578 579 31916
580 581 10227
581 588 24779
582 585 25261
582 590 631
583 589 29371
584 587 13112
585 586 32086
585 587 32236
585 590 6725
586 589 31261
587 588 20064
590 591 32487
591 593 2896
591 600 23115
592 593 26149
592 594 6116
592 596 949
592 600 31306
593 598 28900
594 595 9399
596 599 3657
598 599 7845
600 601 12740
601 604 27005
601 606 30213
602 604 24713
602 605 12054
602 607 7634
604 606 29796
605 610 12942
606 607 29659
606 608 14404
608 610 7949
610 611 10197
611 613 2694
611 620 3592
612 615 22706
612 620 12627
613 614 5379
613 616 6892
613 620 18744
614 616 17772
614 619 9719
615 617 1421
620 621 8472
621 622 9668
621 626 16202
621 627 13258
621 630 11269
622 626 14162
622 627 6627
622 628 888
625 626 30415
626 630 8374
628 629 6834
630 631 31575
631 633 3207
631 634 8908
632 640 6388
633 636 2117
633 638 3812
633 639 24449
634 636 22962
634 637 6834
635 637 11749
638 640 741
640 641 25739
641 649 14420
642 650 17080
643 647 642
644 647 5556
644 649 22044
644 650 4571
645 646 26349
645 647 4413
646 649 3688
648 649 30849
650 651 21402
651 653 31638
651 656 1914
651 659 2359
652 654 16628
652 658 6993
654 656 7721
654 657 23495
654 660 7341
655 659 18473
658 659 10454
660 661 5212
661 662 17491
661 664 19268
661 665 26274
661 667 26088
661 669 3621
661 670 5301
664 669 28382
665 666 5059
665 669 21540
666 667 27205
670 671 13508
671 677 13973
671 678 13677
672 674 29555
672 676 29540
672 678 18549
673 677 453
673 678 18105
674 679 5600
674 680 15442
676 677 886
680 681 23569
681 686 28636
681 688 9362
681 689 7002
682 687 2232
682 688 23089
683 690 11514
684 686 25397
685 686 26674
685 688 2017
689 690 27598
690 691 19015
691 693 22158
691 694 10064
691 700 20025
692 693 24610
692 694 24555
692 698 9137
692 699 9198
696 699 16826
696 700 18747
698 699 6846
700 701 3600
701 702 23739
701 707 5703
702 705 23212
702 708 21840
703 704 32031
703 705 12532
703 706 31838
704 709 27477
705 708 22783
707 710 5572
710 711 28121
711 712 7008
711 718 3753
711 719 10655
712 716 248
713 714 11824
713 715 18676
714 715 7380
714 716 21088
714 719 1315
715 720 32208
720 721 32603
721 724 7351
721 730 28831
722 724 31521
722 727 27229
723 726 19473
723 727 17840
723 728 13774
724 729 25333
727 729 26027
728 729 30450
730 731 3860
731 736 23097
731 739 6108
731 740 13490
732 733 1057
732 734 28276
732 738 1608
732 740 22608
733 739 31710
734 740 20918
735 739 9815
740 741 7911
741 747 9996
741 750 31119
742 750 16358
743 745 30512
743 749 9874
743 750 31767
745 746 26172
745 749 26276
747 748 27669
747 750 15921
750 751 32063
751 760 18913
752 753 2250
752 756 22289
754 755 7911
754 756 29775
754 757 24200
754 759 19708
755 756 29940
755 757 29443
756 760 26402
760 761 3919
761 762 23260
761 765 30436
761 767 1523
761 769 20931
763 766 23560
763 770 10764
764 765 6074
764 766 11503
766 767 25151
768 769 29809
770 771 13481
771 773 10255
772 775 10339
772 780 29636
773 775 22712
773 777 4099
773 779 17755
774 775 10905
774 777 26175
774 778 16283
778 780 25424
780 781 10953
781 783 14020
781 787 15633
781 788 30492
782 783 16148
782 785 11793
782 788 20695
786 788 3071
786 789 22539
787 789 906
788 790 31123
790 791 30612
791 795 16430
791 799 13758
792 793 24937
792 794 2564
792 796 23377
792 799 23612
792 800 14456
793 795 3706
794 798 30020
796 798 19368
800 801 6311
801 802 12247
801 809 25522
801 810 16398
802 803 22177
802 806 5542
802 807 32586
803 805 373
804 806 25630
804 808 19794
808 810 14365
810 811 14008
811 818 10085
812 815 21398
813 819 18759
814 815 23185
814 817 27662
815 819 21046
816 817 20434
817 820 1783
818 819 20749
819 820 26093
820 821 18647
821 828 2730
822 825 22508
822 828 166
823 824 15078
823 829 32012
824 826 31064
825 828 15343
826 828 3752
827 829 17458
829 830 25311
830 831 12202
831 833 23235
831 834 16699
831 840 16888
832 835 8453
832 837 9982
833 837 5856
834 836 16452
834 837 7597
834 839 27302
836 837 15949
840 841 5395
841 843 22335
842 844 18992
842 848 24111
842 850 20522
843 845 21248
843 850 22559
845 850 6159
846 849 16836
848 849 16845
848 850 23849
850 851 16350
851 855 9174
851 857 5205
852 857 27541
852 860 12753
853 855 26775
853 860 8069
854 857 16871
854 860 14959
856 859 21056
858 860 25924
860 861 16575
861 862 17640
861 866 14352
861 869 21857
861 870 30719
863 866 17320
864 866 7316
865 867 6857
865 870 3884
866 869 1836
867 868 31013
870 871 18686
871 880 3351
872 874 30484
872 875 25266
872 876 32196
872 877 17084
872 879 24954
873 875 27584
873 880 19230
874 878 23914
875 880 21635
880 881 26542
881 884 32120
882 885 25636
882 889 13875
883 888 29502
883 889 4646
884 888 9288
885 888 3718
885 890 26193
886 889 29197
887 888 20846
890 891 14268
891 897 4850
891 898 17568
891 899 23699
892 894 26868
892 896 30102
892 900 28431
894 895 18039
894 899 20220
896 899 15010
896 900 5050
900 901 28995
901 907 10088
901 908 15662
901 909 9708
902 904 13679
903 908 4577
904 908 25353
904 910 26054
907 909 15843
908 909 3008
909 910 31229
910 911 22649
911 918 28508
912 914 18908
912 916 31316
913 914 4281
913 918 24338
914 916 25759
914 918 21146
915 918 23406
916 918 7320
916 920 2656
920 921 8357
921 923 9388
921 924 21251
921 930 11244
922 923 31699
922 925 10469
922 930 1358
923 925 22374
925 927 13459
926 929 18013
929 930 27133
930 931 13650
931 932 11559
931 935 735
931 937 10753
932 935 23532
932 938 12200
932 940 6575
933 937 1756
934 935 27838
934 936 25930
934 937 9663
940 941 11269
941 946 12401
941 949 21217
942 944 15397
942 949 12174
943 944 9444
943 947 32420
944 950 2765
945 950 1540
946 948 12667
946 950 9009
950 951 20331
951 957 28055
951 959 30138
952 955 5074
952 958 15028
952 959 5242
953 958 26130
953 959 13823
954 955 5070
955 959 32397
957 960 11002
960 961 13348
961 968 12293
961 970 28218
962 963 30274
962 966 19876
962 969 4799
963 969 21660
963 970 17060
964 969 26653
965 967 18866
968 970 3303
970 971 12701
971 974 17902
971 980 22868
972 973 26372
972 979 31611
972 980 1526
973 976 19859
973 977 17787
974 976 9654
975 976 20639
976 978 17095
980 981 21142
981 982 29571
981 988 22043
981 989 31461
982 983 4292
983 985 17575
983 989 494
984 985 21237
984 986 19003
984 987 22153
988 990 1965
990 991 11462
991 992 9185
991 996 7052
991 997 11525
991 998 8416
991 1000 22381
992 995 7323
993 996 29950
994 998 3258
995 996 22729
995 997 6406
