2000 2965 2965
1 2 330
2 3 262
3 4 861
5 6 209
6 7 983
7 8 163
8 9 507
9 10 879
10 11 980
11 12 898
12 13 888
13 14 539
14 15 470
15 16 784
16 17 541
17 18 796
18 19 267
19 20 634
20 21 510
21 22 558
22 23 318
23 24 135
24 25 54
25 26 136
26 27 259
27 28 594
28 29 844
29 30 694
30 31 467
31 32 952
32 33 141
33 34 95
34 35 938
35 36 175
36 37 513
37 38 98
38 39 552
39 40 696
40 41 818
41 42 493
42 43 293
43 44 238
44 45 531
45 46 614
46 47 297
47 48 711
48 49 390
49 50 629
50 51 810
51 52 787
52 53 745
53 54 841
54 55 183
55 56 570
56 57 121
57 58 394
58 59 293
59 60 963
60 61 215
61 62 528
62 63 808
63 64 195
64 65 706
65 66 714
66 67 12
67 68 914
68 69 694
69 70 665
70 71 204
71 72 996
72 73 763
73 74 382
74 75 947
75 76 910
76 77 49
77 78 769
78 79 625
79 80 512
80 81 955
81 82 236
82 83 128
83 84 634
84 85 241
85 86 863
86 87 128
87 88 578
88 89 818
89 90 341
90 91 143
91 92 101
92 93 401
93 94 559
94 95 477
95 96 155
96 97 936
97 98 431
98 99 832
99 100 296
100 101 538
101 102 624
102 103 923
103 104 928
104 105 30
105 106 212
106 107 212
107 108 755
108 109 881
109 110 254
110 111 294
111 112 322
112 113 786
113 114 529
114 115 444
115 116 1
116 117 556
117 118 672
118 119 271
119 120 453
120 121 376
121 122 632
122 123 641
123 124 935
124 125 41
125 126 987
126 127 835
127 128 249
128 129 540
129 130 766
130 131 797
131 132 313
132 133 263
133 134 53
134 135 732
135 136 988
136 137 465
137 138 558
138 139 249
139 140 557
140 141 171
141 142 451
142 143 183
143 144 302
144 145 294
145 146 100
146 147 333
147 148 45
148 149 332
149 150 76
150 151 5
151 152 51
152 153 27
153 154 67
154 155 739
155 156 802
156 157 624
158 159 844
159 160 442
160 161 381
161 162 696
162 163 919
163 164 660
164 165 364
165 166 629
166 167 330
167 168 89
168 169 855
169 170 614
170 171 980
171 172 570
172 173 667
173 174 680
174 175 578
175 176 838
176 177 403
177 178 116
178 179 293
179 180 724
180 181 873
181 182 449
182 183 324
183 184 154
184 185 949
185 186 396
186 187 198
188 189 509
189 190 909
190 191 412
191 192 994
192 193 666
193 194 782
194 195 203
195 196 611
196 197 829
197 198 257
198 199 706
199 200 966
200 201 24
201 202 770
202 203 716
203 204 254
204 205 806
206 207 685
207 208 479
208 209 146
209 210 841
210 211 834
211 212 286
212 213 901
213 214 969
214 215 995
215 216 634
216 217 886
217 218 349
218 219 282
219 220 33
220 221 257
221 222 911
222 223 873
223 224 983
224 225 902
225 226 307
227 228 636
228 229 861
229 230 472
230 231 528
231 232 138
232 233 344
233 234 769
234 235 234
235 236 996
236 237 172
237 238 604
238 239 943
239 240 12
240 241 880
241 242 35
242 243 513
243 244 594
244 245 531
245 246 162
246 247 235
247 248 259
248 249 927
249 250 907
250 251 192
251 252 444
252 253 189
253 254 228
254 255 720
255 256 485
256 257 225
257 258 94
258 259 436
259 260 225
260 261 95
261 262 583
262 263 868
263 264 628
264 265 6
265 266 147
266 267 687
267 268 590
268 269 541
269 270 238
270 271 851
271 272 760
272 273 579
273 274 957
274 275 678
275 276 404
276 277 43
278 279 301
279 280 812
280 281 226
281 282 144
282 283 596
283 284 17
284 285 616
285 286 805
286 287 7
287 288 369
288 289 642
289 290 336
290 291 699
291 292 326
292 293 314
293 294 24
294 295 313
295 296 619
296 297 458
297 298 397
298 299 340
299 300 87
300 301 95
301 302 847
302 303 44
303 304 523
304 305 912
305 306 281
306 307 456
307 308 359
308 309 848
309 310 871
310 311 991
311 312 874
312 313 328
313 314 414
314 315 455
315 316 897
316 317 473
317 318 451
318 319 242
319 320 642
320 321 647
321 322 526
322 323 214
323 324 825
324 325 930
325 326 696
326 327 404
327 328 595
328 329 994
329 330 68
330 331 188
331 332 641
332 333 80
333 334 42
334 335 126
335 336 535
336 337 861
337 338 1
338 339 908
339 340 622
340 341 693
341 342 294
342 343 118
343 344 718
344 345 404
345 346 944
346 347 894
347 348 640
348 349 12
349 350 926
350 351 29
351 352 979
352 353 749
353 354 851
354 355 893
355 356 445
356 357 655
357 358 624
358 359 354
359 360 37
360 361 548
361 362 347
362 363 827
363 364 62
364 365 905
365 366 239
366 367 572
367 368 887
368 369 406
369 370 300
370 371 57
371 372 729
372 373 268
373 374 752
374 375 20
375 376 992
376 377 167
377 378 718
378 379 847
379 380 94
380 381 188
381 382 422
382 383 913
383 384 868
384 385 300
385 386 445
386 387 898
387 388 202
388 389 329
389 390 943
390 391 105
391 392 769
392 393 769
393 394 642
394 395 297
395 396 263
396 397 721
397 398 245
398 399 919
399 400 626
400 401 220
401 402 585
402 403 175
403 404 985
404 405 460
405 406 150
406 407 15
407 408 696
408 409 504
409 410 33
410 411 852
411 412 538
412 413 815
413 414 364
414 415 652
415 416 220
416 417 291
417 418 918
418 419 684
419 420 919
420 421 585
421 422 253
422 423 587
423 424 270
424 425 249
425 426 138
426 427 398
427 428 425
428 429 169
429 430 28
430 431 149
431 432 994
433 434 383
434 435 272
435 436 670
436 437 894
437 438 878
438 439 15
439 440 105
440 441 485
441 442 944
442 443 496
443 444 812
444 445 294
445 446 893
446 447 799
447 448 991
448 449 300
449 450 891
450 451 494
451 452 75
452 453 550
453 454 775
454 455 315
455 456 174
456 457 70
457 458 219
458 459 866
459 460 834
460 461 239
461 462 912
462 463 253
463 464 464
464 465 509
465 466 150
466 467 89
468 469 246
469 470 232
470 471 921
471 472 107
472 473 272
473 474 369
474 475 422
475 476 259
476 477 158
477 478 648
478 479 983
479 480 239
480 481 123
481 482 724
482 483 907
483 484 707
484 485 190
485 486 157
486 487 346
487 488 352
488 489 924
489 490 119
490 491 551
491 492 98
492 493 837
493 494 592
494 495 407
495 496 511
496 497 814
497 498 652
498 499 881
499 500 845
500 501 744
501 502 742
502 503 246
503 504 579
504 505 950
505 506 706
506 507 515
507 508 786
508 509 228
509 510 625
510 511 205
511 512 357
512 513 918
513 514 228
514 515 556
515 516 103
516 517 287
517 518 469
518 519 699
519 520 980
520 521 412
522 523 490
523 524 759
524 525 491
525 526 776
526 527 411
527 528 133
529 530 90
530 531 297
531 532 951
532 533 113
533 534 123
534 535 530
535 536 673
536 537 837
537 538 278
538 539 554
539 540 977
540 541 671
541 542 86
542 543 653
543 544 752
544 545 398
545 546 752
546 547 2
547 548 436
548 549 694
549 550 73
550 551 917
551 552 717
552 553 329
553 554 512
554 555 126
555 556 839
556 557 297
557 558 940
558 559 545
559 560 57
560 561 827
561 562 903
562 563 759
563 564 589
564 565 22
565 566 587
566 567 109
567 568 778
568 569 629
569 570 980
570 571 948
571 572 550
572 573 281
573 574 246
574 575 129
575 576 63
576 577 427
577 578 720
578 579 678
579 580 92
580 581 48
581 582 786
582 583 232
583 584 407
584 585 685
585 586 955
586 587 770
587 588 710
588 589 957
589 590 422
590 591 946
591 592 466
592 593 17
593 594 861
594 595 498
595 596 336
596 597 191
597 598 678
598 599 50
599 600 6
600 601 887
601 602 389
602 603 676
603 604 144
604 605 378
605 606 131
606 607 488
607 608 556
608 609 483
609 610 254
610 611 1
611 612 755
612 613 290
613 614 489
614 615 216
615 616 9
616 617 311
617 618 941
618 619 800
619 620 998
620 621 708
621 622 455
622 623 305
623 624 238
624 625 486
625 626 500
626 627 793
627 628 614
629 630 613
630 631 683
631 632 984
632 633 352
633 634 130
634 635 138
635 636 34
636 637 601
637 638 865
638 639 684
639 640 858
640 641 969
641 642 711
642 643 969
643 644 709
644 645 642
645 646 733
646 647 438
647 648 685
648 649 500
649 650 702
650 651 870
651 652 584
652 653 257
653 654 693
654 655 641
655 656 88
656 657 13
657 658 811
658 659 821
659 660 836
660 661 664
661 662 616
662 663 898
663 664 678
664 665 775
665 666 135
666 667 554
667 668 534
668 669 879
669 670 287
670 671 625
671 672 735
672 673 76
673 674 350
674 675 713
675 676 985
676 677 625
677 678 793
678 679 505
679 680 823
680 681 56
681 682 914
682 683 463
683 684 474
684 685 85
685 686 161
686 687 123
687 688 54
688 689 398
689 690 823
690 691 751
691 692 338
692 693 918
693 694 7
694 695 932
695 696 198
696 697 506
697 698 237
698 699 358
699 700 600
700 701 291
701 702 899
702 703 986
703 704 448
704 705 85
705 706 593
706 707 726
707 708 997
708 709 856
709 710 829
710 711 339
711 712 343
712 713 429
713 714 796
714 715 743
715 716 38
716 717 507
717 718 768
718 719 54
719 720 794
720 721 506
721 722 147
722 723 610
723 724 925
724 725 855
725 726 466
726 727 240
727 728 207
728 729 210
729 730 493
730 731 500
731 732 176
732 733 37
733 734 62
734 735 648
735 736 619
736 737 14
737 738 728
738 739 713
739 740 897
740 741 910
741 742 842
742 743 131
743 744 91
744 745 35
745 746 916
746 747 287
747 748 524
748 749 667
749 750 345
750 751 737
751 752 38
752 753 417
753 754 894
754 755 950
755 756 972
756 757 845
757 758 778
758 759 286
759 760 201
760 761 591
761 762 286
762 763 326
763 764 119
764 765 669
765 766 7
766 767 730
767 768 9
768 769 542
769 770 226
770 771 537
772 773 981
773 774 717
774 775 471
775 776 385
776 777 748
777 778 329
778 779 937
779 780 205
780 781 701
781 782 524
782 783 365
783 784 412
784 785 41
785 786 251
786 787 505
787 788 484
788 789 767
789 790 142
790 791 671
791 792 846
792 793 507
793 794 89
794 795 257
795 796 108
796 797 267
797 798 858
798 799 679
799 800 200
800 801 675
801 802 156
802 803 192
803 804 991
804 805 833
805 806 859
806 807 997
807 808 918
808 809 291
809 810 968
810 811 708
811 812 235
812 813 247
813 814 463
814 815 403
815 816 240
816 817 427
817 818 96
818 819 907
819 820 315
820 821 351
821 822 587
822 823 280
823 824 777
824 825 823
825 826 880
826 827 302
827 828 813
828 829 677
829 830 165
830 831 358
831 832 571
832 833 39
833 834 313
834 835 145
835 836 562
836 837 181
837 838 201
838 839 644
839 840 857
840 841 62
841 842 648
842 843 940
843 844 809
844 845 291
845 846 453
846 847 980
847 848 619
848 849 420
849 850 8
850 851 285
851 852 548
852 853 978
853 854 676
854 855 614
855 856 710
856 857 372
857 858 643
858 859 340
859 860 337
860 861 622
861 862 502
862 863 35
863 864 130
864 865 359
865 866 437
866 867 470
867 868 898
868 869 505
869 870 799
870 871 203
871 872 106
872 873 239
873 874 33
874 875 66
875 876 517
876 877 482
877 878 580
878 879 24
879 880 728
880 881 772
881 882 314
882 883 383
883 884 141
884 885 817
885 886 489
886 887 320
888 889 590
889 890 514
890 891 260
891 892 852
892 893 272
893 894 284
894 895 365
895 896 39
896 897 13
897 898 185
898 899 760
899 900 502
900 901 575
901 902 734
902 903 60
903 904 715
904 905 650
905 906 596
906 907 523
907 908 542
908 909 417
909 910 378
910 911 53
911 912 566
912 913 892
913 914 139
914 915 311
915 916 968
916 917 56
917 918 788
918 919 225
919 920 223
920 921 440
921 922 442
922 923 649
923 924 805
924 925 835
925 926 369
926 927 442
927 928 873
928 929 669
929 930 975
930 931 177
931 932 138
932 933 634
933 934 242
934 935 746
935 936 19
936 937 16
937 938 975
938 939 253
939 940 847
941 942 957
942 943 525
943 944 967
944 945 582
945 946 145
946 947 241
947 948 335
948 949 297
949 950 877
950 951 28
951 952 206
952 953 19
953 954 292
954 955 642
955 956 466
956 957 192
957 958 472
958 959 260
959 960 701
960 961 218
961 962 17
962 963 944
963 964 625
964 965 65
965 966 506
966 967 158
967 968 503
968 969 667
969 970 276
970 971 47
971 972 633
972 973 790
973 974 47
974 975 146
975 976 4
976 977 153
977 978 902
978 979 327
979 980 154
981 982 185
982 983 650
983 984 351
984 985 406
985 986 347
986 987 26
987 988 971
988 989 337
989 990 796
990 991 794
991 992 324
992 993 533
993 994 857
994 995 897
995 996 211
996 997 777
997 998 693
998 999 551
999 1000 291
1001 1002 796
1002 1003 853
1003 1004 351
1004 1005 316
1005 1006 37
1006 1007 362
1007 1008 761
1008 1009 985
1009 1010 730
1010 1011 535
1011 1012 51
1012 1013 83
1013 1014 807
1014 1015 937
1015 1016 585
1016 1017 791
1017 1018 618
1018 1019 183
1019 1020 67
1020 1021 117
1021 1022 389
1022 1023 426
1023 1024 102
1024 1025 611
1025 1026 451
1026 1027 983
1027 1028 622
1028 1029 194
1029 1030 39
1030 1031 755
1031 1032 594
1032 1033 896
1033 1034 281
1034 1035 639
1035 1036 168
1036 1037 421
1037 1038 346
1038 1039 884
1039 1040 866
1040 1041 697
1041 1042 834
1042 1043 391
1043 1044 633
1044 1045 190
1045 1046 840
1046 1047 184
1047 1048 818
1048 1049 130
1049 1050 754
1050 1051 680
1051 1052 614
1052 1053 601
1053 1054 253
1054 1055 146
1055 1056 862
1056 1057 152
1057 1058 319
1058 1059 964
1059 1060 814
1060 1061 908
1061 1062 555
1062 1063 477
1063 1064 618
1064 1065 212
1065 1066 430
1066 1067 265
1067 1068 967
1068 1069 532
1069 1070 943
1070 1071 699
1071 1072 523
1072 1073 156
1073 1074 588
1074 1075 258
1075 1076 159
1076 1077 465
1077 1078 763
1078 1079 511
1079 1080 947
1080 1081 66
1081 1082 381
1082 1083 166
1083 1084 947
1084 1085 541
1085 1086 298
1086 1087 43
1087 1088 465
1088 1089 195
1090 1091 585
1091 1092 271
1092 1093 716
1093 1094 201
1094 1095 207
1095 1096 107
1096 1097 303
1097 1098 697
1098 1099 834
1099 1100 612
1100 1101 68
1101 1102 416
1102 1103 646
1103 1104 176
1104 1105 355
1105 1106 449
1106 1107 920
1107 1108 80
1108 1109 989
1109 1110 322
1110 1111 593
1111 1112 598
1112 1113 198
1113 1114 510
1114 1115 653
1115 1116 72
1116 1117 659
1117 1118 123
1118 1119 860
1119 1120 998
1120 1121 1000
1121 1122 900
1122 1123 121
1123 1124 321
1124 1125 37
1125 1126 985
1126 1127 913
1127 1128 916
1128 1129 954
1129 1130 486
1130 1131 742
1131 1132 200
1132 1133 568
1133 1134 209
1134 1135 845
1135 1136 170
1136 1137 682
1137 1138 880
1138 1139 109
1139 1140 208
1140 1141 260
1141 1142 707
1142 1143 850
1143 1144 76
1144 1145 27
1145 1146 125
1146 1147 608
1147 1148 775
1148 1149 885
1149 1150 129
1150 1151 547
1151 1152 146
1152 1153 482
1153 1154 715
1154 1155 150
1155 1156 169
1156 1157 339
1157 1158 308
1158 1159 794
1159 1160 505
1160 1161 106
1161 1162 698
1162 1163 218
1163 1164 956
1164 1165 642
1165 1166 344
1166 1167 134
1167 1168 98
1168 1169 680
1169 1170 737
1170 1171 556
1171 1172 634
1172 1173 955
1173 1174 931
1174 1175 253
1175 1176 905
1176 1177 280
1177 1178 489
1178 1179 871
1179 1180 755
1180 1181 73
1181 1182 177
1182 1183 702
1183 1184 416
1184 1185 87
1185 1186 232
1186 1187 481
1187 1188 976
1188 1189 261
1189 1190 515
1190 1191 939
1191 1192 658
1192 1193 991
1193 1194 439
1194 1195 982
1195 1196 448
1196 1197 243
1197 1198 619
1198 1199 71
1199 1200 632
1200 1201 62
1201 1202 220
1202 1203 782
1204 1205 991
1205 1206 834
1206 1207 673
1207 1208 564
1208 1209 303
1209 1210 503
1210 1211 929
1211 1212 722
1212 1213 899
1213 1214 448
1214 1215 946
1215 1216 407
1216 1217 223
1217 1218 687
1218 1219 795
1219 1220 578
1220 1221 845
1221 1222 684
1222 1223 548
1223 1224 241
1224 1225 486
1225 1226 465
1226 1227 724
1227 1228 338
1228 1229 654
1229 1230 169
1230 1231 131
1231 1232 256
1232 1233 467
1233 1234 859
1234 1235 513
1235 1236 657
1236 1237 319
1237 1238 202
1238 1239 143
1239 1240 277
1240 1241 507
1241 1242 703
1242 1243 685
1243 1244 24
1244 1245 271
1245 1246 313
1246 1247 251
1247 1248 476
1248 1249 312
1249 1250 851
1250 1251 196
1251 1252 489
1252 1253 521
1253 1254 102
1254 1255 184
1255 1256 799
1256 1257 893
1257 1258 849
1258 1259 785
1259 1260 246
1260 1261 188
1261 1262 463
1262 1263 344
1264 1265 259
1265 1266 860
1266 1267 872
1267 1268 17
1268 1269 173
1269 1270 833
1270 1271 442
1271 1272 684
1272 1273 89
1273 1274 16
1274 1275 977
1275 1276 517
1276 1277 299
1277 1278 40
1278 1279 284
1279 1280 206
1280 1281 998
1281 1282 147
1282 1283 770
1283 1284 676
1284 1285 918
1285 1286 388
1286 1287 21
1287 1288 31
1288 1289 443
1289 1290 736
1290 1291 390
1291 1292 374
1292 1293 481
1293 1294 74
1294 1295 778
1295 1296 787
1296 1297 382
1297 1298 786
1298 1299 523
1299 1300 346
1300 1301 980
1301 1302 86
1302 1303 714
1303 1304 936
1304 1305 736
1305 1306 884
1306 1307 187
1307 1308 97
1308 1309 649
1309 1310 86
1310 1311 753
1311 1312 522
1312 1313 261
1313 1314 983
1314 1315 637
1315 1316 689
1316 1317 920
1317 1318 237
1318 1319 793
1319 1320 66
1320 1321 279
1321 1322 199
1322 1323 497
1323 1324 387
1324 1325 12
1325 1326 977
1326 1327 548
1327 1328 122
1328 1329 203
1329 1330 246
1330 1331 703
1331 1332 565
1332 1333 540
1333 1334 573
1334 1335 258
1335 1336 371
1336 1337 921
1337 1338 655
1338 1339 360
1339 1340 81
1340 1341 299
1341 1342 392
1342 1343 961
1343 1344 511
1344 1345 592
1345 1346 868
1346 1347 34
1347 1348 676
1348 1349 137
1349 1350 500
1350 1351 776
1351 1352 791
1352 1353 377
1353 1354 257
1354 1355 273
1355 1356 704
1356 1357 87
1357 1358 968
1358 1359 516
1359 1360 543
1360 1361 496
1361 1362 567
1362 1363 457
1363 1364 187
1364 1365 438
1365 1366 199
1366 1367 627
1367 1368 365
1368 1369 86
1369 1370 666
1370 1371 909
1371 1372 341
1372 1373 361
1373 1374 815
1374 1375 155
1375 1376 13
1376 1377 753
1377 1378 339
1378 1379 707
1379 1380 526
1380 1381 631
1381 1382 250
1382 1383 180
1383 1384 80
1384 1385 314
1385 1386 839
1386 1387 518
1387 1388 422
1388 1389 146
1389 1390 992
1390 1391 970
1391 1392 840
1392 1393 309
1393 1394 566
1394 1395 763
1395 1396 474
1396 1397 682
1397 1398 971
1398 1399 148
1399 1400 54
1400 1401 709
1401 1402 509
1402 1403 716
1403 1404 430
1404 1405 67
1405 1406 690
1406 1407 664
1407 1408 772
1408 1409 542
1409 1410 260
1410 1411 632
1411 1412 573
1412 1413 515
1413 1414 967
1414 1415 989
1415 1416 171
1416 1417 169
1417 1418 200
1418 1419 656
1419 1420 851
1420 1421 445
1421 1422 937
1422 1423 279
1423 1424 407
1424 1425 428
1426 1427 314
1427 1428 524
1428 1429 372
1429 1430 328
1430 1431 74
1431 1432 462
1432 1433 174
1434 1435 935
1435 1436 103
1436 1437 588
1437 1438 418
1438 1439 464
1439 1440 154
1440 1441 127
1441 1442 596
1442 1443 496
1443 1444 214
1444 1445 407
1445 1446 371
1446 1447 860
1447 1448 306
1448 1449 497
1449 1450 834
1450 1451 224
1451 1452 853
1452 1453 880
1453 1454 520
1454 1455 127
1455 1456 794
1456 1457 586
1457 1458 466
1458 1459 372
1459 1460 445
1460 1461 108
1461 1462 272
1462 1463 88
1463 1464 100
1464 1465 520
1465 1466 597
1466 1467 716
1467 1468 553
1468 1469 493
1469 1470 754
1470 1471 258
1471 1472 591
1472 1473 960
1473 1474 358
1474 1475 887
1475 1476 810
1476 1477 866
1477 1478 687
1478 1479 20
1479 1480 260
1480 1481 314
1481 1482 436
1482 1483 29
1483 1484 102
1484 1485 469
1485 1486 870
1486 1487 457
1487 1488 732
1488 1489 579
1489 1490 75
1490 1491 396
1491 1492 844
1492 1493 275
1493 1494 317
1494 1495 25
1495 1496 512
1496 1497 586
1497 1498 723
1498 1499 972
1499 1500 58
1500 1501 96
1501 1502 175
1502 1503 39
1503 1504 184
1504 1505 659
1505 1506 296
1506 1507 723
1507 1508 984
1508 1509 232
1509 1510 504
1510 1511 233
1511 1512 301
1512 1513 591
1513 1514 481
1514 1515 409
1515 1516 506
1516 1517 703
1517 1518 859
1518 1519 819
1519 1520 558
1520 1521 562
1521 1522 121
1522 1523 29
1523 1524 657
1524 1525 714
1525 1526 333
1526 1527 93
1527 1528 183
1528 1529 468
1529 1530 321
1530 1531 359
1531 1532 75
1532 1533 988
1533 1534 95
1534 1535 984
1535 1536 365
1536 1537 265
1537 1538 715
1538 1539 747
1539 1540 391
1540 1541 426
1541 1542 256
1542 1543 164
1543 1544 468
1544 1545 793
1545 1546 232
1546 1547 620
1547 1548 881
1548 1549 719
1549 1550 129
1550 1551 949
1551 1552 721
1552 1553 80
1553 1554 92
1554 1555 767
1555 1556 588
1556 1557 809
1557 1558 127
1558 1559 826
1559 1560 160
1560 1561 519
1561 1562 221
1562 1563 36
1563 1564 315
1564 1565 457
1565 1566 148
1566 1567 157
1567 1568 135
1568 1569 361
1569 1570 752
1570 1571 209
1571 1572 479
1572 1573 295
1573 1574 590
1574 1575 525
1575 1576 977
1576 1577 695
1577 1578 91
1578 1579 190
1579 1580 373
1580 1581 420
1581 1582 302
1582 1583 703
1583 1584 845
1584 1585 524
1585 1586 540
1586 1587 610
1587 1588 828
1588 1589 638
1589 1590 187
1590 1591 417
1591 1592 828
1592 1593 170
1593 1594 624
1594 1595 900
1595 1596 515
1596 1597 416
1597 1598 645
1598 1599 437
1599 1600 670
1600 1601 379
1601 1602 677
1602 1603 859
1603 1604 953
1604 1605 847
1605 1606 138
1606 1607 916
1607 1608 989
1608 1609 617
1609 1610 289
1610 1611 383
1611 1612 75
1612 1613 334
1613 1614 916
1614 1615 57
1615 1616 657
1616 1617 63
1617 1618 617
1618 1619 525
1619 1620 130
1620 1621 443
1621 1622 985
1622 1623 873
1623 1624 50
1624 1625 397
1625 1626 27
1626 1627 583
1627 1628 203
1628 1629 776
1629 1630 417
1630 1631 666
1631 1632 553
1632 1633 760
1633 1634 756
1634 1635 418
1635 1636 845
1636 1637 555
1637 1638 444
1638 1639 825
1639 1640 1000
1640 1641 423
1641 1642 122
1642 1643 734
1643 1644 414
1644 1645 918
1645 1646 794
1646 1647 874
1647 1648 61
1648 1649 176
1649 1650 75
1650 1651 986
1651 1652 502
1652 1653 623
1653 1654 209
1654 1655 396
1655 1656 27
1656 1657 721
1657 1658 292
1658 1659 989
1659 1660 930
1660 1661 73
1661 1662 978
1662 1663 194
1663 1664 9
1664 1665 255
1665 1666 923
1666 1667 877
1667 1668 138
1668 1669 817
1669 1670 804
1670 1671 91
1671 1672 913
1672 1673 290
1673 1674 254
1674 1675 980
1675 1676 300
1676 1677 323
1677 1678 903
1678 1679 603
1679 1680 370
1680 1681 655
1681 1682 730
1682 1683 735
1683 1684 439
1684 1685 275
1685 1686 227
1686 1687 464
1687 1688 135
1688 1689 973
1689 1690 349
1690 1691 454
1691 1692 504
1692 1693 308
1693 1694 519
1694 1695 334
1695 1696 438
1696 1697 696
1697 1698 180
1698 1699 662
1699 1700 145
1700 1701 660
1701 1702 962
1702 1703 908
1703 1704 577
1704 1705 473
1705 1706 646
1706 1707 593
1707 1708 973
1708 1709 629
1709 1710 197
1710 1711 812
1711 1712 536
1712 1713 836
1713 1714 230
1714 1715 717
1715 1716 533
1716 1717 957
1717 1718 159
1718 1719 750
1719 1720 621
1720 1721 297
1721 1722 725
1722 1723 121
1723 1724 527
1724 1725 407
1725 1726 984
1726 1727 446
1727 1728 575
1728 1729 692
1729 1730 589
1730 1731 539
1731 1732 665
1732 1733 105
1733 1734 878
1734 1735 354
1735 1736 943
1736 1737 5
1737 1738 624
1738 1739 853
1739 1740 626
1740 1741 612
1741 1742 843
1742 1743 725
1743 1744 150
1744 1745 136
1745 1746 591
1746 1747 147
1747 1748 329
1748 1749 856
1749 1750 805
1750 1751 742
1751 1752 910
1752 1753 382
1753 1754 780
1754 1755 103
1755 1756 84
1756 1757 693
1757 1758 533
1758 1759 313
1759 1760 100
1760 1761 162
1761 1762 48
1762 1763 406
1763 1764 291
1764 1765 570
1765 1766 960
1766 1767 629
1767 1768 140
1768 1769 229
1769 1770 581
1770 1771 472
1771 1772 779
1772 1773 441
1773 1774 457
1774 1775 149
1776 1777 445
1777 1778 746
1778 1779 126
1779 1780 211
1780 1781 699
1781 1782 617
1782 1783 181
1783 1784 816
1784 1785 65
1785 1786 227
1786 1787 473
1787 1788 480
1788 1789 594
1789 1790 483
1790 1791 6
1791 1792 537
1792 1793 334
1793 1794 106
1794 1795 588
1795 1796 733
1796 1797 639
1797 1798 166
1798 1799 65
1799 1800 519
1800 1801 400
1801 1802 33
1802 1803 509
1803 1804 897
1804 1805 439
1805 1806 979
1806 1807 639
1807 1808 246
1808 1809 60
1809 1810 170
1810 1811 745
1811 1812 363
1812 1813 770
1813 1814 50
1814 1815 519
1815 1816 468
1816 1817 559
1817 1818 144
1818 1819 62
1819 1820 604
1820 1821 191
1821 1822 187
1822 1823 227
1823 1824 604
1824 1825 5
1825 1826 301
1826 1827 769
1827 1828 424
1828 1829 348
1829 1830 397
1830 1831 567
1831 1832 231
1832 1833 666
1833 1834 153
1834 1835 1
1835 1836 618
1836 1837 174
1837 1838 787
1838 1839 669
1839 1840 598
1840 1841 580
1841 1842 225
1842 1843 729
1843 1844 261
1844 1845 159
1845 1846 426
1846 1847 268
1847 1848 313
1848 1849 735
1849 1850 453
1850 1851 170
1851 1852 563
1852 1853 571
1853 1854 212
1854 1855 236
1855 1856 891
1856 1857 712
1857 1858 65
1858 1859 751
1859 1860 961
1860 1861 546
1861 1862 768
1862 1863 755
1863 1864 788
1865 1866 218
1866 1867 566
1867 1868 943
1868 1869 89
1869 1870 274
1870 1871 816
1871 1872 580
1872 1873 838
1873 1874 389
1874 1875 270
1875 1876 887
1876 1877 831
1877 1878 810
1878 1879 641
1879 1880 322
1880 1881 320
1881 1882 882
1882 1883 627
1883 1884 21
1884 1885 412
1885 1886 455
1886 1887 894
1887 1888 985
1888 1889 358
1889 1890 1000
1890 1891 337
1891 1892 830
1892 1893 951
1893 1894 458
1894 1895 406
1895 1896 366
1896 1897 335
1897 1898 50
1898 1899 95
1899 1900 593
1900 1901 271
1901 1902 120
1902 1903 18
1903 1904 314
1904 1905 254
1905 1906 118
1906 1907 978
1907 1908 161
1908 1909 506
1909 1910 154
1910 1911 592
1911 1912 563
1912 1913 577
1913 1914 855
1914 1915 73
1915 1916 135
1916 1917 17
1917 1918 51
1918 1919 194
1919 1920 946
1920 1921 853
1921 1922 748
1922 1923 522
1923 1924 62
1924 1925 345
1925 1926 260
1926 1927 367
1927 1928 886
1928 1929 440
1929 1930 719
1930 1931 108
1931 1932 269
1932 1933 555
1933 1934 51
1934 1935 433
1935 1936 800
1936 1937 21
1937 1938 736
1938 1939 99
1939 1940 793
1940 1941 917
1941 1942 183
1942 1943 30
1943 1944 317
1944 1945 60
1945 1946 759
1946 1947 584
1947 1948 400
1948 1949 136
1949 1950 358
1950 1951 71
1951 1952 272
1952 1953 343
1953 1954 781
1954 1955 878
1955 1956 407
1956 1957 296
1957 1958 687
1958 1959 404
1959 1960 253
1960 1961 719
1961 1962 36
1962 1963 286
1963 1964 429
1964 1965 679
1965 1966 961
1966 1967 102
1967 1968 950
1968 1969 365
1969 1970 386
1970 1971 627
1971 1972 158
1972 1973 738
1973 1974 842
1974 1975 939
1975 1976 594
1976 1977 97
1977 1978 34
1978 1979 494
1979 1980 769
1980 1981 874
1981 1982 936
1982 1983 110
1983 1984 97
1984 1985 382
1985 1986 562
1986 1987 740
1987 1988 585
1988 1989 924
1989 1990 500
1990 1991 732
1991 1992 850
1992 1993 443
1993 1994 607
1994 1995 851
1995 1996 288
1996 1997 41
1997 1998 770
1998 1999 224
1999 2000 589
1 1001 468
2 1002 84
3 1003 401
4 1004 159
5 1005 607
6 1006 939
7 1007 464
8 1008 921
9 1009 367
10 1010 759
11 1011 686
12 1012 24
13 1013 230
14 1014 299
15 1015 357
16 1016 471
17 1017 176
18 1018 197
19 1019 684
20 1020 989
21 1021 620
22 1022 947
23 1023 191
24 1024 276
25 1025 470
26 1026 520
27 1027 342
28 1028 198
29 1029 546
30 1030 655
31 1031 159
32 1032 59
33 1033 795
34 1034 792
35 1035 342
36 1036 838
37 1037 901
38 1038 233
39 1039 676
40 1040 737
41 1041 439
42 1042 959
43 1043 581
44 1044 86
45 1045 14
46 1046 285
47 1047 254
48 1048 728
49 1049 286
50 1050 427
51 1051 671
52 1052 537
53 1053 282
54 1054 371
55 1055 550
56 1056 349
57 1057 78
58 1058 200
59 1059 836
60 1060 574
61 1061 138
62 1062 352
63 1063 732
64 1064 618
65 1065 234
66 1066 572
67 1067 377
68 1068 530
69 1069 732
70 1070 45
71 1071 343
72 1072 468
73 1073 1
74 1074 529
75 1075 917
76 1076 635
77 1077 1000
78 1078 758
79 1079 241
80 1080 582
81 1081 624
82 1082 942
83 1083 132
84 1084 750
85 1085 540
86 1086 300
87 1087 576
88 1088 100
89 1089 364
90 1090 246
91 1091 727
92 1092 202
93 1093 425
94 1094 84
95 1095 390
96 1096 736
97 1097 25
98 1098 896
99 1099 746
100 1100 171
101 1101 484
102 1102 718
103 1103 393
104 1104 753
105 1105 325
106 1106 774
107 1107 741
108 1108 256
109 1109 469
110 1110 71
111 1111 844
112 1112 31
113 1113 757
114 1114 766
115 1115 115
116 1116 981
117 1117 459
118 1118 359
119 1119 125
120 1120 9
121 1121 312
122 1122 668
123 1123 718
124 1124 929
125 1125 591
126 1126 100
127 1127 581
128 1128 871
129 1129 991
130 1130 413
131 1131 1
132 1132 65
133 1133 276
135 1135 85
136 1136 683
137 1137 912
138 1138 107
139 1139 869
140 1140 645
141 1141 827
142 1142 437
143 1143 367
144 1144 593
145 1145 989
146 1146 839
147 1147 866
148 1148 213
149 1149 948
150 1150 447
151 1151 660
152 1152 53
153 1153 772
154 1154 257
155 1155 111
156 1156 58
157 1157 667
158 1158 251
159 1159 671
160 1160 146
161 1161 926
162 1162 149
163 1163 875
164 1164 775
165 1165 44
166 1166 430
167 1167 537
168 1168 764
169 1169 17
170 1170 859
171 1171 935
172 1172 302
173 1173 62
174 1174 656
175 1175 816
176 1176 175
177 1177 583
178 1178 140
179 1179 83
180 1180 25
181 1181 901
182 1182 576
183 1183 338
184 1184 377
185 1185 301
186 1186 425
187 1187 865
188 1188 538
189 1189 696
190 1190 526
191 1191 630
192 1192 852
193 1193 789
194 1194 795
195 1195 745
196 1196 707
197 1197 76
199 1199 72
200 1200 491
201 1201 885
202 1202 820
203 1203 980
204 1204 196
205 1205 159
206 1206 808
207 1207 846
208 1208 375
209 1209 439
210 1210 157
211 1211 821
212 1212 433
213 1213 767
214 1214 223
215 1215 958
216 1216 554
217 1217 272
218 1218 956
219 1219 390
220 1220 626
221 1221 30
222 1222 129
223 1223 40
224 1224 528
225 1225 395
226 1226 491
227 1227 649
228 1228 55
229 1229 518
230 1230 193
231 1231 531
232 1232 619
233 1233 149
234 1234 57
235 1235 991
236 1236 283
237 1237 744
238 1238 440
239 1239 302
240 1240 494
241 1241 928
242 1242 270
243 1243 394
244 1244 34
245 1245 432
246 1246 593
247 1247 136
248 1248 27
249 1249 843
250 1250 81
251 1251 617
252 1252 962
253 1253 718
254 1254 908
255 1255 921
256 1256 246
257 1257 167
258 1258 122
259 1259 783
260 1260 783
261 1261 7
262 1262 492
263 1263 871
264 1264 616
265 1265 196
266 1266 144
267 1267 764
268 1268 772
269 1269 593
270 1270 936
271 1271 218
272 1272 413
273 1273 882
274 1274 468
275 1275 722
276 1276 953
277 1277 323
278 1278 829
279 1279 231
280 1280 430
281 1281 425
282 1282 700
283 1283 154
284 1284 152
285 1285 795
286 1286 42
287 1287 265
288 1288 384
289 1289 721
290 1290 145
291 1291 389
292 1292 78
293 1293 214
294 1294 203
295 1295 659
296 1296 203
297 1297 754
298 1298 250
299 1299 59
300 1300 576
301 1301 91
302 1302 639
303 1303 824
304 1304 396
305 1305 702
306 1306 206
307 1307 559
308 1308 124
309 1309 288
310 1310 42
311 1311 27
312 1312 531
313 1313 210
314 1314 821
315 1315 936
316 1316 44
317 1317 532
318 1318 675
319 1319 903
320 1320 101
321 1321 72
322 1322 776
323 1323 10
324 1324 431
325 1325 795
326 1326 623
327 1327 737
328 1328 891
329 1329 16
330 1330 453
331 1331 755
332 1332 783
333 1333 934
334 1334 189
335 1335 856
336 1336 961
337 1337 946
338 1338 924
339 1339 543
340 1340 660
341 1341 488
342 1342 944
343 1343 348
344 1344 585
345 1345 390
346 1346 669
347 1347 789
348 1348 199
349 1349 281
350 1350 480
351 1351 708
352 1352 814
353 1353 861
354 1354 448
355 1355 847
356 1356 272
357 1357 183
358 1358 345
359 1359 143
360 1360 449
361 1361 637
362 1362 354
363 1363 550
364 1364 889
365 1365 824
366 1366 826
367 1367 252
368 1368 191
369 1369 640
370 1370 47
371 1371 363
372 1372 776
373 1373 625
374 1374 79
375 1375 986
376 1376 104
377 1377 782
378 1378 378
379 1379 351
380 1380 49
381 1381 171
382 1382 495
383 1383 217
384 1384 730
385 1385 727
386 1386 39
387 1387 916
389 1389 673
390 1390 353
391 1391 863
392 1392 422
393 1393 668
394 1394 129
395 1395 466
396 1396 330
397 1397 260
398 1398 83
399 1399 390
400 1400 987
401 1401 420
402 1402 736
403 1403 141
404 1404 667
405 1405 633
406 1406 486
407 1407 823
408 1408 4
409 1409 162
410 1410 897
411 1411 142
412 1412 151
413 1413 433
414 1414 873
415 1415 362
416 1416 771
417 1417 314
418 1418 166
419 1419 646
420 1420 121
421 1421 811
422 1422 129
423 1423 971
424 1424 622
425 1425 597
426 1426 5
427 1427 515
428 1428 800
429 1429 211
430 1430 270
431 1431 553
432 1432 236
433 1433 472
434 1434 345
435 1435 831
436 1436 383
437 1437 262
438 1438 396
439 1439 152
440 1440 667
441 1441 84
442 1442 711
443 1443 759
444 1444 373
445 1445 296
446 1446 907
447 1447 15
448 1448 453
449 1449 285
450 1450 906
451 1451 813
452 1452 22
453 1453 342
454 1454 576
455 1455 291
456 1456 526
457 1457 612
458 1458 168
459 1459 983
460 1460 784
461 1461 388
462 1462 794
463 1463 51
464 1464 680
465 1465 269
466 1466 275
467 1467 885
468 1468 630
469 1469 336
470 1470 461
471 1471 106
472 1472 512
473 1473 993
474 1474 825
475 1475 551
476 1476 17
477 1477 61
478 1478 802
479 1479 760
480 1480 310
481 1481 924
482 1482 68
483 1483 301
484 1484 226
485 1485 257
486 1486 141
487 1487 49
488 1488 656
489 1489 808
490 1490 450
491 1491 492
492 1492 761
493 1493 383
494 1494 837
495 1495 220
496 1496 271
497 1497 680
498 1498 726
499 1499 520
500 1500 810
501 1501 702
502 1502 632
503 1503 325
504 1504 808
505 1505 726
506 1506 302
507 1507 284
508 1508 970
509 1509 489
510 1510 165
511 1511 964
512 1512 125
513 1513 535
514 1514 771
515 1515 852
516 1516 998
517 1517 725
518 1518 512
519 1519 68
520 1520 266
521 1521 841
522 1522 380
523 1523 956
524 1524 29
525 1525 662
526 1526 433
527 1527 228
528 1528 161
529 1529 140
530 1530 667
531 1531 238
532 1532 49
533 1533 849
534 1534 405
535 1535 49
536 1536 566
537 1537 222
538 1538 134
539 1539 176
540 1540 242
541 1541 515
542 1542 148
543 1543 363
544 1544 955
545 1545 677
546 1546 455
547 1547 659
548 1548 722
549 1549 785
550 1550 689
551 1551 467
552 1552 117
553 1553 857
554 1554 181
555 1555 430
556 1556 538
557 1557 630
558 1558 390
559 1559 844
560 1560 5
561 1561 102
562 1562 385
563 1563 921
564 1564 988
565 1565 137
566 1566 53
567 1567 583
568 1568 529
569 1569 367
570 1570 473
571 1571 194
572 1572 959
573 1573 180
574 1574 984
575 1575 988
576 1576 824
577 1577 398
578 1578 97
579 1579 595
580 1580 902
581 1581 654
582 1582 521
583 1583 504
584 1584 473
585 1585 21
586 1586 933
587 1587 954
588 1588 825
589 1589 34
590 1590 58
591 1591 666
592 1592 733
593 1593 281
594 1594 168
595 1595 967
596 1596 691
597 1597 869
598 1598 927
599 1599 829
600 1600 480
601 1601 145
602 1602 704
603 1603 450
604 1604 834
606 1606 4
607 1607 911
608 1608 241
609 1609 28
610 1610 611
611 1611 528
612 1612 283
613 1613 394
614 1614 188
615 1615 864
616 1616 962
617 1617 566
618 1618 600
619 1619 252
620 1620 319
621 1621 82
622 1622 559
623 1623 104
624 1624 359
625 1625 239
626 1626 179
627 1627 465
628 1628 458
629 1629 573
630 1630 222
631 1631 923
632 1632 757
633 1633 868
634 1634 261
635 1635 299
636 1636 344
637 1637 235
638 1638 842
640 1640 20
641 1641 353
642 1642 63
643 1643 412
644 1644 812
645 1645 794
646 1646 406
647 1647 882
648 1648 652
649 1649 761
650 1650 899
651 1651 272
652 1652 843
653 1653 695
654 1654 85
655 1655 536
656 1656 501
657 1657 956
658 1658 156
659 1659 324
660 1660 651
662 1662 689
663 1663 940
664 1664 11
665 1665 18
666 1666 933
667 1667 949
668 1668 211
669 1669 496
670 1670 420
671 1671 649
672 1672 190
673 1673 172
674 1674 852
675 1675 696
676 1676 224
677 1677 638
678 1678 650
679 1679 801
680 1680 408
681 1681 135
682 1682 885
683 1683 178
684 1684 813
685 1685 642
686 1686 305
687 1687 497
688 1688 163
689 1689 538
690 1690 552
691 1691 852
692 1692 733
693 1693 566
694 1694 939
695 1695 446
697 1697 229
698 1698 195
699 1699 527
700 1700 179
701 1701 746
702 1702 929
703 1703 206
704 1704 150
705 1705 258
706 1706 313
707 1707 402
708 1708 200
709 1709 728
710 1710 693
711 1711 354
712 1712 796
713 1713 543
714 1714 568
715 1715 150
716 1716 377
717 1717 256
718 1718 743
719 1719 749
720 1720 104
721 1721 816
722 1722 48
723 1723 74
724 1724 966
725 1725 750
726 1726 138
727 1727 170
728 1728 332
729 1729 971
730 1730 54
731 1731 769
732 1732 53
733 1733 179
734 1734 157
735 1735 982
736 1736 696
737 1737 587
738 1738 930
739 1739 732
740 1740 279
741 1741 860
742 1742 753
743 1743 90
744 1744 959
745 1745 239
746 1746 55
747 1747 973
748 1748 209
749 1749 657
750 1750 172
751 1751 148
752 1752 504
753 1753 512
754 1754 175
755 1755 820
756 1756 108
757 1757 206
758 1758 600
759 1759 789
760 1760 262
761 1761 46
762 1762 436
763 1763 493
764 1764 733
765 1765 77
766 1766 668
767 1767 404
768 1768 368
769 1769 900
770 1770 55
771 1771 168
772 1772 213
773 1773 115
774 1774 130
775 1775 794
776 1776 978
777 1777 855
778 1778 13
779 1779 832
780 1780 890
781 1781 327
782 1782 648
783 1783 300
784 1784 490
785 1785 675
786 1786 837
787 1787 613
788 1788 388
789 1789 958
790 1790 504
791 1791 492
792 1792 483
793 1793 830
794 1794 28
795 1795 362
796 1796 953
797 1797 497
798 1798 647
799 1799 184
800 1800 598
801 1801 555
802 1802 33
803 1803 103
804 1804 946
805 1805 477
806 1806 225
807 1807 82
808 1808 196
809 1809 624
810 1810 633
811 1811 344
812 1812 603
813 1813 370
814 1814 283
815 1815 990
816 1816 438
817 1817 600
818 1818 36
819 1819 180
820 1820 655
821 1821 653
822 1822 400
823 1823 351
824 1824 133
825 1825 946
826 1826 294
827 1827 872
828 1828 650
829 1829 591
830 1830 205
831 1831 178
832 1832 706
833 1833 320
834 1834 751
835 1835 529
836 1836 229
837 1837 723
838 1838 669
839 1839 786
840 1840 775
841 1841 185
842 1842 652
843 1843 885
844 1844 38
845 1845 916
846 1846 190
847 1847 682
848 1848 75
849 1849 760
850 1850 851
851 1851 547
852 1852 261
853 1853 428
854 1854 234
855 1855 422
856 1856 162
857 1857 819
858 1858 547
859 1859 351
860 1860 264
861 1861 462
862 1862 847
863 1863 459
864 1864 595
865 1865 372
866 1866 946
867 1867 503
868 1868 247
870 1870 421
872 1872 255
873 1873 954
874 1874 761
875 1875 587
876 1876 420
877 1877 736
878 1878 617
879 1879 114
880 1880 336
881 1881 593
882 1882 19
883 1883 266
884 1884 371
885 1885 337
886 1886 526
887 1887 747
888 1888 645
889 1889 513
890 1890 483
891 1891 816
892 1892 106
893 1893 727
894 1894 202
895 1895 774
896 1896 307
897 1897 81
898 1898 594
899 1899 991
900 1900 592
901 1901 215
902 1902 224
903 1903 858
904 1904 701
905 1905 850
906 1906 323
907 1907 286
908 1908 763
909 1909 703
911 1911 269
912 1912 375
913 1913 153
914 1914 849
915 1915 236
916 1916 639
917 1917 763
918 1918 238
919 1919 273
920 1920 793
921 1921 201
922 1922 344
923 1923 520
924 1924 482
925 1925 371
926 1926 992
927 1927 146
928 1928 985
929 1929 715
930 1930 86
931 1931 80
932 1932 400
933 1933 283
934 1934 387
935 1935 120
936 1936 651
937 1937 194
938 1938 186
939 1939 517
940 1940 609
941 1941 889
942 1942 500
943 1943 426
944 1944 897
945 1945 770
946 1946 332
947 1947 815
948 1948 503
949 1949 971
950 1950 538
951 1951 599
952 1952 78
953 1953 399
954 1954 852
955 1955 889
956 1956 464
957 1957 54
958 1958 506
959 1959 742
960 1960 268
961 1961 663
962 1962 656
963 1963 82
964 1964 696
965 1965 619
966 1966 873
967 1967 95
968 1968 671
969 1969 539
970 1970 122
971 1971 446
972 1972 524
973 1973 244
974 1974 366
976 1976 719
977 1977 136
978 1978 938
979 1979 600
980 1980 500
981 1981 193
982 1982 555
983 1983 125
984 1984 32
985 1985 67
986 1986 430
987 1987 723
988 1988 557
989 1989 819
990 1990 876
991 1991 693
992 1992 911
993 1993 362
994 1994 133
995 1995 729
996 1996 523
997 1997 150
998 1998 278
999 1999 827
1000 2000 349
