100 300 10
42 68 6335
1 70 5725
79 59 6963
65 6 8146
82 28 9962
92 96 1943
28 37 2392
5 3 154
93 83 7422
17 19 9896
48 27 4772
39 70 9913
68 100 7036
95 4 3812
23 34 7674
65 42 7712
54 69 5548
45 63 2758
38 60 8724
42 30 779
17 36 2191
43 89 107
41 43 9265
49 47 3806
91 30 4371
51 7 1102
94 49 9630
24 85 9955
57 41 4967
77 32 6309
45 40 4627
24 38 1539
19 83 2930
42 34 1116
40 59 2705
31 78 2307
74 87 5022
46 25 9073
71 30 6778
74 98 6513
87 91 9162
37 56 4768
56 75 4032
53 51 1151
42 25 3967
31 8 192
8 38 5458
88 54 384
46 10 2210
59 22 8589
23 47 7507
31 14 9169
1 92 8763
56 11 6360
25 38 1549
84 96 4042
3 51 292
37 75 1021
97 22 7349
100 69 4485
82 35 54
100 19 7939
1 89 8128
68 29 4894
49 84 7808
22 11 6618
14 15 4310
17 36 7452
1 50 6520
57 99 304
25 9 5845
10 90 2703
96 86 3094
44 24 1588
15 4 7449
1 59 6619
81 97 4799
82 90 799
10 58 473
23 39 2293
39 80 8191
58 59 6192
16 89 9157
12 3 2635
73 56 329
47 63 4887
76 34 9870
43 45 1417
82 99 323
52 22 5700
58 77 7893
90 76 713
1 11 1004
70 62 4689
2 90 5256
24 3 586
83 86 7089
27 18 3758
70 55 5722
90 77 1330
69 93 1426
56 35 6550
42 13 146
61 19 3754
40 24 6280
97 88 2530
50 38 9867
50 94 3196
98 17 8287
6 89 6283
56 35 8115
2 17 672
87 64 4314
56 86 54
13 9 1833
46 14 7757
22 59 3647
83 82 4145
97 23 7130
62 36 451
74 67 2045
60 93 6440
54 25 6155
11 46 650
87 14 4475
23 69 4019
88 6 7959
92 3 3626
78 15 9315
25 35 5875
73 60 1834
71 88 8298
19 78 7774
71 64 2669
93 86 3103
81 14 7628
3 100 528
26 44 1925
24 73 3062
82 4 7433
6 94 2726
32 93 143
23 87 3065
1 88 8361
14 75 4271
71 36 834
12 61 8897
68 86 2551
41 95 2696
25 20 2126
77 95 2659
3 72 2467
79 94 3852
85 19 8465
20 53 2801
88 61 1927
11 58 2171
16 77 228
44 59 7165
10 83 7087
66 88 9578
75 26 5628
30 29 5424
21 3 4963
24 97 3738
62 96 2526
65 61 6203
17 31 327
12 72 6412
48 54 1521
91 25 189
64 41 852
63 30 901
14 59 7579
66 8 1478
1 59 6440
4 61 9358
25 78 5109
14 88 9802
51 61 2429
94 85 9406
41 12 8705
36 57 6073
51 24 4486
57 17 1627
58 27 3358
38 72 3870
62 97 3023
18 13 2718
97 86 4042
24 30 4230
66 60 8933
97 56 2054
63 85 9735
55 73 1458
70 33 2964
8 84 912
36 68 2849
76 39 2224
43 55 6512
42 76 1460
26 22 7871
27 35 5206
84 51 7399
80 2 2194
35 38 6535
57 94 177
6 63 549
82 1 4414
42 56 4856
43 63 7612
78 25 2679
53 44 8297
74 41 9314
76 73 2819
11 18 4933
13 96 3170
32 41 6489
86 91 9498
90 91 5146
54 15 8652
41 45 1259
36 60 1193
6 65 2182
4 30 3776
9 93 5998
50 57 5562
28 68 9542
30 41 7814
75 2 6078
16 84 8214
93 25 5602
93 60 2671
29 28 4085
76 87 5499
71 88 3848
5 4 1222
64 7 2364
11 72 7490
41 65 5543
20 14 7592
5 19 9233
51 6 4976
40 4 1423
99 48 3585
49 72 7865
14 76 1546
13 47 8679
70 63 8520
86 90 5945
66 41 3246
9 19 7871
2 24 1133
73 53 5088
71 64 9902
4 24 3528
1 70 4016
66 29 1544
48 89 2944
38 10 6464
50 82 1589
43 9 2061
22 59 9955
89 47 691
50 44 1431
21 49 7068
37 84 8036
27 86 7039
54 30 1225
49 24 3360
58 67 4945
56 19 2727
12 26 356
2 50 9497
85 16 7965
43 76 7914
43 97 1949
73 27 4607
74 30 2405
6 27 9813
76 94 6566
42 15 5995
57 53 3937
39 83 1356
16 32 8231
42 26 2012
38 87 9691
51 63 1635
94 54 1417
53 9 7263
34 55 6304
35 4 4257
49 25 2318
14 10 4029
1 81 1319
59 51 4156
62 65 1904
77 44 6910
3 62 8490
49 83 3654
