1000 2099 1000
1 2 27626
1 10 30340
2 5 27876
2 6 12522
2 7 29274
3 4 15534
3 6 19513
3 8 17082
3 10 23997
4 5 1868
4 9 30790
4 10 1047
5 6 3417
5 9 20636
6 7 31271
6 8 12859
6 10 32723
7 8 14786
7 10 22338
9 10 17033
10 11 1103
11 13 1885
11 14 27525
11 18 25539
12 13 1751
12 14 19550
12 17 14575
12 18 8061
12 19 31745
13 14 14106
13 16 20562
13 19 12242
14 15 12236
14 18 13470
14 19 14167
15 16 23893
16 17 31692
16 20 24130
17 18 28610
17 19 31050
18 19 10375
20 21 25985
21 25 1015
21 29 18455
22 23 32286
22 26 29191
22 27 15549
22 30 28661
23 25 18480
23 26 9740
23 27 25667
23 29 16363
23 30 20731
24 25 15585
24 30 14945
25 26 25341
25 27 6084
26 28 30664
26 30 32287
27 29 21409
27 30 18041
28 30 19721
30 31 12411
31 33 9074
31 35 10902
31 36 3394
31 39 29799
32 33 27432
32 37 13637
32 39 29439
33 34 12306
33 35 30408
33 38 18121
34 35 20618
34 37 21352
34 38 536
35 36 18716
35 37 20485
36 39 26588
36 40 6486
37 39 24023
38 39 31157
39 40 19813
40 41 29225
41 43 9043
41 44 29857
41 48 18630
42 43 20696
42 46 21774
42 48 13660
43 46 18195
43 47 19898
43 48 19280
44 46 3871
44 47 31345
44 49 3822
45 46 7694
45 47 23322
45 50 13341
46 48 19019
46 49 28430
47 50 10764
48 49 8112
49 50 9114
50 51 8012
51 54 13330
51 58 17313
51 59 15107
52 53 29597
52 56 31420
52 57 27403
52 58 32710
53 58 27794
53 59 20838
54 55 23728
54 58 6956
54 59 21919
54 60 16326
55 60 831
56 57 1980
57 58 20348
57 59 29377
58 59 27346
58 60 10417
59 60 22988
60 61 12163
61 63 14267
61 65 30124
61 68 8189
62 64 31950
62 65 31360
62 66 3751
62 67 3439
62 68 30354
62 69 1316
62 70 19498
63 68 27864
63 69 32703
63 70 9640
64 66 8129
64 69 5863
64 70 18007
66 68 27090
66 69 22701
66 70 29735
68 69 19911
70 71 20525
71 72 8410
71 73 22055
71 74 29559
71 75 2641
71 78 17937
71 80 27608
72 74 8608
72 75 13412
72 80 9071
74 79 21814
74 80 9310
75 76 9697
75 78 16150
75 79 6698
76 77 21766
76 78 16280
76 80 28706
77 79 2223
77 80 4025
79 80 23287
80 81 8415
81 83 15925
81 84 10041
81 86 16007
81 87 313
81 90 24642
82 85 19196
82 87 15289
82 88 15731
83 84 18527
83 86 4991
83 87 23011
83 89 3356
84 88 10034
84 90 10461
85 87 12934
85 90 11839
86 90 25320
87 89 14240
87 90 25298
89 90 8411
90 91 13526
91 92 10199
91 93 13932
91 94 13970
91 96 19039
91 100 19049
92 93 28526
92 94 19109
92 95 27928
92 96 28840
92 98 20400
92 99 13856
92 100 30250
93 94 8745
94 95 18246
94 97 21586
94 98 4344
94 100 25812
96 97 27721
96 100 11136
97 99 4354
100 101 19255
101 103 8155
101 104 3547
101 105 24329
101 107 15647
101 108 1125
101 109 18094
102 103 16757
102 106 11882
102 110 10531
103 104 10204
103 105 1011
103 107 14359
103 109 3811
103 110 2954
104 105 16994
104 106 18335
104 109 27145
105 110 7705
107 110 23280
109 110 22664
110 111 17879
111 112 1111
111 113 19328
111 115 27703
112 113 27883
112 115 12790
112 117 32336
112 120 13318
113 117 15113
113 118 1085
113 120 18904
114 116 8598
114 117 15387
115 116 29949
115 117 10229
115 118 20839
116 119 15478
116 120 31175
117 119 26694
118 119 933
118 120 11871
120 121 25436
121 123 25046
121 127 5957
121 128 2254
121 129 20837
121 130 26620
122 123 15185
122 124 882
122 127 3684
122 128 1664
123 125 19072
123 126 21492
123 128 26603
124 125 18687
124 126 1290
124 130 20608
125 126 22284
127 129 4497
127 130 7354
128 129 7042
128 130 3344
130 131 17064
131 132 18245
131 133 15533
131 134 14443
131 135 16444
131 138 19162
131 140 19266
132 133 5616
132 136 3109
133 136 14586
133 137 3471
133 139 8770
133 140 456
134 135 19338
134 140 12726
135 136 32651
135 137 29941
135 139 6183
135 140 943
136 137 25456
138 139 14352
140 141 3513
141 142 17552
141 143 8516
141 146 19823
142 144 28747
142 146 1804
142 147 9339
142 148 18436
142 149 18202
142 150 13626
143 146 28514
143 147 7996
143 150 28907
144 149 9112
144 150 29198
145 148 31270
146 147 21154
146 149 21840
147 149 19858
147 150 13784
148 149 21521
150 151 21946
151 153 22390
151 154 11023
151 156 7950
151 157 19233
151 158 29028
151 160 30485
152 154 21704
152 155 9930
152 158 2339
153 154 19432
153 158 11611
153 159 5682
154 160 21706
155 158 2968
155 160 13729
156 158 6552
156 159 7981
157 160 13041
158 159 8011
159 160 25531
160 161 14492
161 162 22362
161 165 22321
161 170 26341
162 163 24525
162 164 15357
162 165 21991
162 168 13096
163 165 14102
163 167 16936
163 169 24209
163 170 2536
164 165 6623
165 170 14579
166 167 8184
166 168 19098
166 170 26200
167 168 20516
167 169 27613
167 170 7370
169 170 3943
170 171 12879
171 174 30861
171 175 31587
171 177 2789
171 179 2626
172 174 24757
172 178 1323
172 179 28681
173 175 30624
173 176 21880
173 180 13965
174 176 23076
174 177 14027
174 178 14015
174 180 28827
175 176 25487
175 177 7
175 179 1488
175 180 29011
177 180 19682
178 179 25053
180 181 26147
181 182 8481
181 183 9319
181 185 6846
181 188 8304
182 183 22950
182 185 463
182 186 13801
182 189 23565
183 188 2488
184 186 10787
185 188 28559
185 189 631
186 187 23210
186 190 12285
187 188 9268
187 189 303
187 190 15053
188 189 25591
188 190 20312
189 190 24007
190 191 28982
191 193 10596
191 196 23895
192 193 20540
192 195 7874
192 196 830
192 197 21646
192 199 22406
193 194 20568
193 195 28000
193 197 6591
193 199 31854
194 195 1646
194 198 22005
195 196 21430
195 200 13984
196 199 21967
196 200 19249
197 198 12845
197 200 10241
198 199 1435
200 201 12607
201 202 7150
201 203 8770
201 206 20111
201 210 5242
202 203 2103
202 204 10934
202 205 8070
202 209 27615
203 206 1890
203 208 28768
203 210 2880
204 205 24514
204 208 16069
204 209 26705
205 206 17251
205 207 26817
205 208 23512
206 208 1073
206 210 17599
208 210 23287
210 211 17045
211 216 14107
211 218 6358
211 219 12658
212 213 31525
212 215 15534
213 215 20636
213 217 11750
213 218 8888
213 219 22112
214 217 7291
214 218 8354
214 219 25525
215 217 29462
215 218 9626
215 219 27844
215 220 14611
216 219 29938
216 220 3167
217 220 7337
218 219 262
220 221 2412
221 224 12339
221 225 6824
221 226 8927
221 227 18341
221 229 9349
222 223 25088
222 226 19501
223 224 2295
223 226 30481
224 225 15374
224 226 2345
224 228 12241
224 229 11106
225 228 24004
225 229 15441
225 230 20674
226 229 3989
226 230 31062
228 229 14674
229 230 29139
230 231 20065
231 232 6198
231 233 1835
231 234 21530
231 235 25172
231 239 20803
232 233 3472
232 235 31628
232 237 20063
232 239 12094
233 236 12684
233 238 26899
233 240 16277
234 236 23421
234 238 9579
235 236 15073
235 237 31792
236 239 24803
236 240 28631
237 238 9987
238 239 17365
240 241 6927
241 242 28225
241 243 1081
241 245 1305
241 248 9684
242 243 22147
242 247 21765
242 248 3139
242 249 24809
242 250 31683
243 249 2306
243 250 3923
244 245 23522
244 246 23194
244 248 26743
245 247 15172
245 248 15967
245 249 12405
246 250 24108
247 249 9871
248 250 132
250 251 8764
251 255 4988
251 256 19696
251 260 1961
252 253 13874
252 255 4780
252 257 30828
253 254 31570
253 255 9501
253 256 25467
253 259 15251
253 260 26209
254 257 18086
254 259 22010
255 257 24835
255 258 30858
256 258 7426
256 259 28574
257 260 29741
258 259 31752
258 260 17362
260 261 11924
261 262 18268
261 263 21390
261 264 17992
261 268 5972
261 270 6899
262 264 5249
262 268 8332
262 269 16505
263 264 18933
263 265 4452
263 267 28766
263 270 20688
264 268 8139
264 270 26772
265 268 6396
265 269 9135
265 270 15170
266 268 27445
268 269 24134
269 270 1928
270 271 8916
271 277 28780
271 280 15136
272 274 19133
272 275 28200
272 279 26830
273 274 30488
273 276 2742
273 277 10460
273 280 17945
274 275 16201
274 276 31026
274 279 21121
274 280 2850
275 276 18046
275 277 3034
275 280 8167
276 279 6159
276 280 12443
277 278 18972
277 280 24987
280 281 1734
281 282 19769
281 284 11574
281 286 13231
281 288 11174
281 289 26001
282 284 18065
282 286 23225
282 288 3700
282 289 8603
283 285 8273
283 286 29214
284 285 28568
284 286 18551
284 288 3114
284 289 20369
284 290 11657
285 286 24587
286 287 21621
286 290 16342
288 290 7814
290 291 28654
291 292 899
291 294 204
291 295 12935
291 297 27524
291 298 13617
291 299 7338
292 294 29043
292 297 1899
293 294 9916
293 300 2697
294 295 10643
294 297 32278
294 299 30935
295 297 14371
295 298 25159
295 299 1976
295 300 22523
296 299 24794
297 298 26359
297 299 2404
300 301 32511
301 303 22012
301 305 32333
301 309 16242
301 310 18408
302 305 7237
302 309 8609
302 310 26404
303 304 16130
303 305 677
304 306 18613
304 307 11146
304 308 27696
304 309 5700
305 307 7587
305 308 22946
305 310 18048
307 308 6084
307 309 11539
307 310 8132
309 310 1538
310 311 21958
311 312 26289
311 313 23613
311 314 18395
311 317 4271
311 318 479
311 319 16187
311 320 14485
312 314 19372
312 317 6822
312 319 17385
313 319 14521
314 315 12019
314 316 6899
314 320 17626
315 316 12192
316 317 24396
316 318 17408
316 319 12203
317 319 134
319 320 28368
320 321 27664
321 324 7140
321 327 21984
321 328 19185
321 329 17503
321 330 18720
322 324 14063
322 325 19387
322 326 15193
322 329 18542
323 324 7062
323 330 18522
324 326 20234
324 328 21750
325 327 29289
325 328 21723
325 329 25558
326 327 8160
326 328 19718
326 329 3383
326 330 29546
330 331 4977
331 335 9896
331 336 4493
331 338 10226
332 335 20855
332 336 30969
332 337 6063
332 339 14220
332 340 28904
333 334 4904
334 335 13792
334 337 5117
334 338 16070
335 339 26428
335 340 19164
336 338 17060
336 340 1605
337 338 16808
337 339 10009
337 340 28844
338 339 9264
340 341 7967
341 342 23373
341 343 6021
341 344 27017
341 347 5289
342 343 20528
342 344 17812
342 345 4464
342 347 32247
342 348 2947
342 350 24361
343 348 20037
344 345 26099
344 347 18001
344 348 27570
345 346 12817
346 347 23964
346 350 14453
347 349 17199
348 349 30242
349 350 13585
350 351 15708
351 352 12262
351 354 26102
351 355 19179
351 358 13836
351 360 22616
352 353 29019
352 356 26064
352 357 19557
353 356 1395
353 358 10707
353 359 19526
354 355 31655
354 359 6409
355 357 12093
356 357 3780
356 358 565
356 359 18561
356 360 20402
357 358 14351
358 360 8345
360 361 28621
361 363 24238
361 366 22468
362 363 18887
362 366 4252
362 367 1904
362 368 6960
363 366 10406
363 367 20944
363 368 7843
363 369 26728
364 365 7884
364 366 4914
364 367 14141
364 370 12182
365 368 8329
365 369 26980
365 370 32424
366 368 26258
367 370 4648
368 370 5656
370 371 9248
371 372 25266
371 373 2673
371 374 20608
371 375 20316
371 377 1250
371 378 7795
371 379 29189
372 374 27248
372 375 27639
372 376 6784
372 377 23356
372 380 17138
373 374 8512
373 377 19576
373 379 9494
374 378 18011
375 377 29534
375 378 17227
375 380 29271
379 380 23985
380 381 29526
381 382 10169
381 383 30025
381 387 11363
381 388 18405
381 390 4700
382 383 32177
382 387 13941
382 389 19220
382 390 745
383 386 8962
383 390 12764
384 387 9739
385 388 23731
385 389 24273
385 390 1836
386 387 24362
386 388 3184
386 390 11145
387 390 17776
388 390 3670
390 391 15168
391 394 31584
391 395 3417
391 397 11153
392 393 13035
392 397 7049
392 398 14236
393 396 11214
393 397 22378
393 399 22443
394 395 14997
394 397 24579
394 398 22954
394 400 29075
395 397 4912
395 398 19071
395 399 1932
396 398 16678
397 399 13577
398 399 24190
398 400 23856
400 401 4249
401 402 17874
401 404 24059
401 405 15219
401 409 2276
401 410 10230
402 407 18885
402 409 26550
403 405 17011
403 406 6267
403 407 6101
404 406 14562
405 406 19999
405 407 25645
405 408 9183
405 409 5544
405 410 19038
406 407 30713
406 409 3623
406 410 10254
408 409 22710
410 411 20631
411 413 31894
411 414 27175
411 417 1912
411 420 3436
412 413 29197
412 416 28705
412 418 938
412 420 10926
413 414 12281
413 415 4998
413 418 10053
413 419 9929
413 420 22056
414 416 25531
414 417 14241
414 419 5889
414 420 13531
415 417 32717
417 420 26669
419 420 28505
420 421 1308
421 423 15724
421 424 30051
421 425 436
421 426 31569
422 426 16696
422 427 27643
422 430 30779
423 425 26642
423 426 27708
423 427 28767
423 428 20222
423 429 23352
424 426 17080
424 427 6752
424 428 4318
425 427 32054
426 427 12324
426 428 14631
426 430 23466
429 430 4781
430 431 19569
431 433 4974
431 434 28552
431 437 24122
431 439 1682
432 433 30704
432 434 19863
432 435 21651
432 439 22587
433 434 12829
433 436 10706
434 436 22226
435 437 26345
435 438 14099
435 439 13368
435 440 26384
436 438 13858
436 439 7882
436 440 32042
438 440 2870
439 440 20222
440 441 15758
441 445 30996
441 449 21008
441 450 230
442 445 29107
442 446 26447
443 445 11939
443 449 8092
443 450 31108
444 445 8262
444 447 7617
444 448 25211
444 449 25980
444 450 3800
445 446 18906
445 448 18689
445 449 31417
446 448 22782
446 450 8469
447 448 10378
449 450 6573
450 451 31662
451 452 4511
451 454 18270
451 456 32023
451 458 24063
452 454 24643
452 455 10478
452 458 25905
453 454 8077
453 455 19772
453 456 28507
453 459 811
453 460 9759
454 455 31559
454 458 30264
454 459 14553
454 460 11911
455 457 19708
457 458 2705
458 459 169
458 460 25802
460 461 11357
461 465 25644
461 466 4567
461 467 18305
461 468 28848
461 470 17422
462 463 5348
462 466 23167
462 467 22154
462 469 23617
462 470 31812
463 469 27828
463 470 15917
464 468 25813
464 470 21847
466 467 30033
466 468 9235
466 469 549
467 468 9626
468 469 19501
468 470 1995
470 471 24668
471 474 10271
471 477 16744
472 474 13572
472 475 10295
472 476 32570
472 479 22606
473 474 8936
473 475 12556
473 476 11902
473 477 10622
473 479 23979
474 477 5131
474 478 28903
474 480 12363
475 476 11875
476 479 1220
477 478 16217
477 479 1890
477 480 29978
478 480 4841
480 481 6985
481 483 22701
481 484 26913
481 487 14677
481 488 29114
482 483 1144
482 484 13224
482 487 24142
482 490 10860
483 484 17363
483 487 6284
483 490 10503
484 487 14160
485 487 18999
485 488 8560
486 488 20585
486 489 14398
486 490 10860
487 489 32527
488 490 18195
489 490 1770
490 491 681
491 492 5328
491 498 26784
492 494 16149
492 495 13310
492 496 25244
492 498 3112
492 500 5888
493 494 10479
493 495 16620
493 497 8201
493 498 7206
494 496 28514
494 497 8998
494 498 13031
494 499 10282
495 497 10683
496 497 21545
496 500 3569
497 500 8719
498 500 6981
500 501 24870
501 502 17510
501 504 24487
501 507 21460
501 509 9907
501 510 23640
502 503 15182
502 506 16040
502 509 13338
502 510 29873
503 504 12760
503 507 6293
503 509 30967
504 509 3187
505 507 7367
506 507 4449
507 508 28930
507 509 20292
507 510 23745
508 509 7278
508 510 16937
510 511 2857
511 516 2114
511 517 13464
511 518 226
512 513 13202
512 514 29327
512 517 5985
512 518 3775
512 520 5527
513 515 7915
513 516 15180
513 518 18242
513 520 8577
514 515 29708
514 518 1414
514 519 28404
514 520 28044
515 519 17360
516 519 715
517 518 6321
519 520 21995
520 521 31533
521 524 10120
521 525 30022
521 526 24077
521 528 3686
521 530 23357
522 523 16702
522 524 14111
522 525 30085
522 526 21286
523 528 17656
524 525 4050
524 527 19717
524 528 26
524 530 6909
525 527 4446
525 528 28367
525 530 5043
526 528 12433
526 529 11719
527 529 5992
530 531 24751
531 534 13448
531 535 9054
531 537 27496
531 540 6806
532 536 26715
532 540 22924
533 535 28974
533 537 14493
533 538 1915
533 539 31435
534 535 21202
534 538 32715
534 539 14565
535 538 28661
536 537 31835
536 539 30810
536 540 16119
537 539 8385
537 540 27186
538 539 21088
540 541 22914
541 542 7562
541 543 15319
541 544 32175
541 545 3616
541 547 5715
541 549 24275
542 543 30969
542 546 19144
542 549 17161
543 546 26094
543 547 7224
543 550 5791
544 545 8455
544 546 24737
544 549 25164
545 546 17681
546 547 10720
546 549 18126
547 550 30182
548 549 24353
550 551 26456
551 553 19631
551 554 1446
551 557 14077
551 558 2227
551 559 13069
552 555 9088
552 559 22998
552 560 23859
553 554 26546
553 555 13156
553 556 21486
553 557 22492
553 558 2592
554 555 11550
554 558 31475
554 559 122
556 557 10371
556 560 13691
557 560 12939
558 560 30181
560 561 18661
561 567 21165
561 569 24368
562 563 25988
562 565 4769
562 567 16368
562 568 31550
562 570 7184
563 564 11290
563 565 9326
563 570 586
564 565 5018
564 569 8364
564 570 12640
565 567 9910
566 568 8912
566 569 25315
567 568 27511
567 569 1410
568 569 12668
568 570 16107
570 571 9082
571 573 19557
571 576 5709
571 577 20808
572 573 25136
572 574 1565
572 575 474
572 576 21959
573 576 19328
573 578 259
573 579 6884
573 580 25269
574 576 15575
574 578 994
574 579 12251
575 577 25678
575 580 10954
576 580 17673
577 579 8612
577 580 27768
579 580 509
580 581 22431
581 582 27546
581 583 10930
581 584 3907
581 587 823
581 588 27859
581 590 8263
582 588 13062
582 589 14756
583 584 22180
583 585 25799
583 587 25578
583 589 7951
584 590 25703
585 586 3767
585 588 17581
586 587 22599
586 588 16507
586 590 5256
587 588 20818
589 590 4951
590 591 14989
591 592 14790
591 597 26494
591 598 32350
591 600 13078
592 593 23698
592 595 11810
592 596 8347
592 598 24613
592 600 14162
593 596 8282
594 596 18888
594 598 20319
594 600 27303
595 599 16277
595 600 2985
596 600 18756
597 599 25504
597 600 12535
598 599 29156
598 600 31156
600 601 29229
601 603 18939
601 604 27667
601 605 433
601 606 9174
601 609 20573
602 603 7704
602 604 22118
602 605 13996
602 607 28983
603 607 2736
603 609 4456
603 610 14464
604 605 13162
604 606 19532
604 609 5693
604 610 9812
605 606 26943
605 608 20508
605 609 12571
606 607 8207
610 611 25934
611 616 18284
611 617 4849
611 620 1141
612 613 30367
612 617 17203
612 618 20140
613 615 2389
613 617 28688
613 618 11753
614 615 15283
614 617 9220
614 618 16118
614 619 6042
614 620 25011
615 616 22027
615 619 21767
616 619 2105
616 620 20898
617 618 12829
618 619 27000
620 621 19510
621 624 4094
621 625 11596
621 626 21858
621 627 28498
621 630 29782
622 623 4220
622 624 3946
622 626 22963
622 629 8716
623 624 7703
623 626 2721
623 628 17203
623 630 32345
624 630 16386
625 626 31913
625 628 28926
626 627 18321
626 628 20944
628 629 20250
629 630 29020
630 631 12713
631 636 23350
631 637 16419
631 638 18891
632 635 11254
632 637 20159
633 634 30325
633 635 19281
633 637 13367
633 638 8385
633 639 3164
633 640 272
634 636 23254
634 637 19088
634 638 22063
636 637 27931
636 639 23659
636 640 3569
637 638 26603
637 640 1928
638 640 29826
640 641 3282
641 645 7707
641 648 13255
641 650 19870
642 643 2360
642 646 11771
642 649 8242
642 650 12926
643 644 24952
643 645 220
643 647 17380
643 649 25758
644 647 7338
644 648 24266
644 649 28367
644 650 15361
645 646 7003
645 650 11373
646 650 8201
647 648 29742
649 650 16514
650 651 16429
651 653 5735
651 654 19065
651 655 9909
651 657 4761
651 659 20301
652 656 20867
652 658 13725
652 659 19978
652 660 26564
653 656 7684
653 659 11176
654 657 387
654 659 5069
655 658 12488
655 659 28669
656 658 31452
656 659 8182
657 660 16888
658 660 16565
659 660 3104
660 661 12586
661 662 20891
661 664 4424
661 668 16435
661 669 14029
662 665 8540
662 666 11589
662 668 17080
662 669 17161
662 670 31630
663 664 29511
663 665 32561
664 668 15714
664 669 27501
665 668 15396
665 669 15208
666 667 9105
666 670 19111
668 669 16999
668 670 12559
669 670 19599
670 671 18459
671 672 7681
671 676 27299
671 677 25072
671 679 19424
671 680 10299
672 674 26518
672 676 882
672 679 23689
672 680 23535
673 675 19372
673 677 18646
673 678 27047
673 679 1528
674 675 7590
674 677 5614
675 677 8080
677 678 23015
677 680 22814
678 680 29944
679 680 10335
680 681 16119
681 683 22450
681 685 27434
681 686 32316
681 688 26948
682 688 21860
683 684 31630
683 685 13022
683 688 4919
683 689 5185
683 690 19472
684 685 20557
684 686 27461
684 690 25409
685 688 8406
686 687 14061
686 688 2521
687 688 3183
687 689 8655
687 690 7352
688 690 910
690 691 28233
691 695 7823
691 696 4555
691 700 27554
692 694 17514
692 695 17498
692 700 11812
693 695 23208
693 696 25446
694 695 31358
694 696 19626
694 697 19836
694 698 27638
694 700 22758
696 698 30573
696 699 28796
696 700 14677
697 698 27885
697 699 26928
697 700 10997
699 700 3817
700 701 16496
701 702 18469
701 703 32476
702 704 18726
702 705 22311
702 706 32247
702 708 4287
703 704 5552
703 706 5685
703 707 20749
703 710 27642
704 709 30399
705 706 18941
705 707 8974
705 709 22318
705 710 5576
706 708 15928
706 710 30880
707 710 19695
708 709 10586
709 710 7236
710 711 11894
711 714 27837
711 715 29254
711 716 959
711 719 32649
712 719 30774
712 720 5122
713 714 4437
713 715 16549
713 716 12425
713 720 19535
714 717 18390
714 720 29992
715 717 10286
715 718 19994
715 719 3980
715 720 8455
716 717 23765
717 719 17312
718 719 16331
719 720 31761
720 721 11676
721 723 15318
721 724 26313
721 726 27256
721 728 388
721 729 1800
722 723 17328
723 724 24205
723 726 12838
723 730 18112
724 725 9970
724 726 1995
724 727 3746
724 728 13545
725 728 11485
725 729 29463
726 727 2777
726 729 26164
726 730 1647
727 728 70
727 730 28380
730 731 3003
731 734 17515
731 735 20704
731 736 6819
731 737 30693
731 738 22700
731 740 5155
732 734 12803
733 734 27273
733 739 16826
734 737 21579
734 739 17626
734 740 26710
735 738 5275
735 740 10513
736 738 18317
736 739 8562
737 738 22764
737 739 29554
737 740 28596
739 740 11105
740 741 27440
741 742 1713
741 743 18707
741 746 4649
741 749 22887
742 745 25247
742 746 5837
742 748 1203
742 750 28131
743 745 25370
743 747 21716
743 748 8309
743 750 23639
744 745 2260
744 746 28068
744 747 8270
745 747 17713
746 750 16214
747 748 30769
747 749 29361
749 750 809
750 751 17476
751 753 4637
751 756 31494
751 757 30490
751 760 5090
752 758 10799
754 756 589
754 757 17937
754 759 32471
755 756 20225
755 758 6917
755 760 15780
756 757 19761
756 758 22008
756 759 31820
756 760 21126
757 759 4778
757 760 28281
758 759 6215
758 760 27992
759 760 6185
760 761 30042
761 762 29124
761 765 31169
761 766 32396
761 770 7319
762 768 29982
762 769 27584
763 764 32421
763 766 15175
763 767 22625
764 767 12097
764 770 27266
765 766 22990
765 767 18095
765 769 13807
765 770 21490
766 770 20051
767 769 23267
768 769 5962
768 770 31812
769 770 32117
770 771 11635
771 774 30457
771 775 29010
771 776 4921
771 777 31131
771 778 9569
771 780 31679
772 777 18503
773 774 7608
773 776 11894
773 777 17020
773 780 1879
774 777 31474
774 779 19153
774 780 18321
775 778 1766
775 780 30749
776 779 26372
776 780 8730
778 779 11053
779 780 11233
780 781 13610
781 782 6543
781 783 17491
781 785 29209
781 786 31938
782 784 1609
782 787 31970
782 788 28794
783 788 7357
783 790 6978
784 786 3192
784 789 20085
784 790 29653
785 786 32029
785 787 703
785 788 9310
785 789 8993
785 790 19046
786 788 16030
787 788 26061
787 790 24294
790 791 31002
791 793 26033
791 797 19269
791 799 16817
791 800 11626
792 793 28663
792 794 32531
792 795 21922
792 798 28092
793 794 7115
793 799 4473
794 796 18443
794 799 22515
795 799 24086
795 800 30732
796 797 31546
796 798 15344
797 798 8898
797 799 7259
798 799 27282
799 800 16216
800 801 29042
801 802 15825
801 804 5345
801 809 28312
802 803 19056
802 808 10973
803 804 24813
803 807 24359
804 807 20454
804 808 5455
804 809 12368
804 810 18187
805 806 3922
805 807 1542
805 809 5254
806 807 11679
806 808 32564
806 809 13256
807 808 23109
807 810 6547
808 809 1289
810 811 16753
811 815 24332
811 819 24628
811 820 6013
812 815 10064
812 816 25855
812 817 31214
812 819 20701
812 820 19406
813 815 22770
813 816 15
814 815 1483
814 816 3920
814 820 16068
815 816 14285
815 817 13365
815 819 20319
815 820 14318
817 818 20107
817 819 24200
818 820 9479
820 821 22619
821 825 11096
821 826 10016
821 828 25212
822 824 15739
822 827 31161
822 828 16388
822 829 5124
823 825 7059
823 829 20904
823 830 720
824 826 2064
824 828 13655
824 830 8412
825 827 17650
825 830 8876
826 827 29114
827 829 14667
827 830 15385
828 829 26
828 830 1029
830 831 10478
831 833 1771
831 836 10938
831 839 23078
831 840 16068
832 833 11767
832 835 26670
832 836 17739
832 839 24857
833 835 12522
833 836 25018
833 840 4272
834 837 6408
834 839 29701
835 836 11249
835 837 31413
836 838 30527
836 839 8654
837 839 29070
837 840 17460
838 840 13826
840 841 21766
841 842 17824
841 843 18961
841 844 15475
841 845 7900
841 848 24810
841 849 23827
842 843 26384
842 845 15712
842 846 20105
842 848 19442
842 850 14717
843 845 5690
843 849 19415
844 846 21425
844 848 23940
844 850 18844
845 849 24464
846 847 27181
847 848 4954
849 850 29045
850 851 27699
851 855 5879
851 856 30499
852 857 24808
852 858 16811
853 855 20063
853 856 16313
853 858 30716
854 856 29231
854 857 721
854 858 23209
854 859 24469
855 856 28263
855 857 24677
855 859 2431
856 860 16803
857 858 11472
857 859 26289
857 860 25668
858 859 20889
859 860 24673
860 861 21730
861 864 25924
861 866 14625
861 869 623
862 867 7179
862 868 25109
863 864 15629
863 865 13262
863 867 19388
863 868 5588
863 869 11921
864 866 14649
864 868 11479
865 866 8370
865 867 31920
866 868 5875
866 869 32415
867 868 8367
867 869 31221
868 870 4015
869 870 2578
870 871 18342
871 872 10851
871 873 2734
871 874 32633
871 876 4746
871 880 11694
872 875 9511
872 876 21053
872 878 1519
872 880 6572
873 875 29419
873 877 1788
874 880 5068
875 877 22790
875 879 12873
876 877 10204
876 878 3711
877 878 25139
877 880 30511
878 880 21279
879 880 19729
880 881 23207
881 883 4499
881 885 6136
881 886 25788
881 887 31303
882 883 13073
882 884 5533
882 885 7082
882 888 17185
883 885 6102
883 887 4254
884 886 30976
884 888 24922
884 890 14012
885 886 29301
885 887 5659
886 887 18279
886 888 15542
886 890 26462
887 888 5401
888 890 23168
890 891 22383
891 894 3689
891 895 24732
891 896 17234
892 895 4910
892 897 28621
892 898 6346
892 899 14069
893 894 20477
893 895 11647
893 896 20889
893 897 19485
893 898 4618
894 899 8707
894 900 1609
895 897 12436
895 898 12621
895 900 24963
896 898 26162
896 899 21224
896 900 11371
900 901 20766
901 902 24255
901 903 21601
901 906 8923
901 907 18562
901 908 1723
901 909 22325
901 910 14919
902 903 29117
902 908 20171
902 909 31999
903 907 29493
903 910 23376
904 907 6972
905 906 10606
905 907 12518
905 909 28805
906 909 11007
906 910 23866
908 909 30846
909 910 19459
910 911 28658
911 913 15709
911 917 11110
911 918 6304
911 920 15458
912 913 6783
912 915 16623
912 919 29814
913 917 27085
913 918 3250
913 919 17208
913 920 2617
914 915 23788
914 918 30559
915 916 4945
915 917 21704
916 918 2800
916 919 2432
916 920 14496
918 919 16641
918 920 25613
920 921 3600
921 923 16260
921 924 8666
921 925 18229
921 927 8384
921 929 27449
922 923 10925
922 928 25382
923 924 6892
923 926 16124
923 927 25556
923 928 10406
923 929 19661
923 930 8815
924 927 19830
924 928 12813
925 930 22256
926 928 9534
926 929 9376
928 929 17413
928 930 14311
930 931 9731
931 933 32408
931 935 19342
931 936 25150
931 938 24679
931 939 11886
932 933 32069
932 934 28337
932 937 9866
932 939 10451
933 934 31205
933 935 16027
933 938 18854
933 939 23086
933 940 7182
935 936 8882
935 938 30191
936 940 8941
937 938 21317
938 940 23026
939 940 1469
940 941 28185
941 943 12349
941 944 31959
941 945 4076
941 949 5678
941 950 1620
942 944 10447
942 945 13699
942 946 3113
942 947 18017
943 946 32751
943 947 29333
943 948 29922
944 949 30381
945 949 20709
945 950 30309
946 947 12444
947 948 27711
947 949 31534
948 950 18125
949 950 219
950 951 10589
951 957 25481
951 958 13025
951 960 16502
952 953 1359
952 954 3243
952 959 22735
953 956 25068
953 958 358
953 959 10292
954 955 17162
954 956 10235
954 958 28477
955 956 13282
955 960 24743
956 959 19567
957 958 19519
957 960 30468
958 959 23815
958 960 2361
959 960 30313
960 961 29746
961 964 6838
961 965 14272
961 966 7761
961 968 9020
962 963 21907
962 966 31356
962 968 6760
963 967 1888
963 970 12337
964 967 9408
964 968 32636
964 969 30144
964 970 12414
965 967 21719
965 968 8833
965 970 8211
966 968 28578
966 970 29779
968 969 26512
968 970 14234
970 971 298
971 972 4770
971 973 560
971 974 15445
971 976 21862
971 977 19938
972 975 2773
972 978 19576
972 979 6927
972 980 15862
973 974 3494
973 978 2073
973 979 25645
973 980 5594
974 975 30339
974 980 23851
975 978 4664
976 979 28467
976 980 32327
978 980 20399
979 980 19838
980 981 29739
981 986 32074
981 988 4649
981 990 3012
982 983 23419
982 985 18219
982 987 593
982 989 27184
982 990 27337
983 986 29644
983 987 24076
983 988 24167
984 985 29493
984 986 14749
984 988 17562
984 989 754
985 990 31791
986 988 15646
986 990 22545
987 988 742
988 990 4235
990 991 31135
991 996 4874
992 995 26820
992 996 25047
992 997 10058
992 999 9882
993 994 21662
993 996 13804
993 998 16996
993 1000 29828
994 997 23931
994 1000 21187
995 996 6096
995 997 31148
995 998 8701
996 997 23690
997 998 31445
997 999 15567
998 999 19521
998 1000 23031
999 1000 2081
