20 10000 10000
2 8 6335
1 10 5725
3 5 5706
6 2 6828
2 12 2996
3 8 5437
12 5 3903
14 13 2383
2 17 9719
16 8 1727
12 19 1870
13 8 6300
16 15 8704
12 3 334
14 5 5142
12 14 6869
8 5 2663
20 4 9742
10 19 2317
16 11 1843
9 7 9041
3 5 2649
7 6 5891
10 11 5351
7 2 4394
9 10 2624
5 15 8757
1 7 7377
12 9 6945
20 7 1324
18 19 6119
3 10 6542
14 16 4640
19 5 9931
18 7 1674
7 2 8746
5 13 6271
10 18 5574
18 13 3987
11 2 8637
16 8 3656
15 12 2053
2 5 3967
11 8 192
8 18 5458
8 14 384
6 10 2210
19 2 8589
3 7 7507
11 14 9169
1 12 8763
16 11 6360
5 18 1549
4 16 4042
3 11 292
17 15 1021
17 2 7349
20 9 4485
2 15 54
20 19 7939
1 9 8128
8 9 4894
9 4 7808
2 11 6618
14 15 4310
17 16 7452
1 10 6520
17 19 304
5 9 5845
3 16 486
14 4 524
8 15 9504
9 1 3459
19 1 9797
19 2 9590
19 10 7158
13 3 8539
13 19 4180
11 18 7959
12 16 2889
17 12 6203
15 13 56
9 7 6363
7 16 8434
10 3 3845
17 2 1999
3 12 22
20 18 8477
13 10 5076
13 1 2511
4 10 7862
9 2 9790
16 4 5003
6 3 286
9 7 8618
18 13 933
10 15 5722
10 17 1330
9 13 1426
16 15 6550
2 13 146
1 19 3754
20 4 6280
17 8 2530
10 18 9867
10 14 3196
18 17 8287
6 9 6283
16 15 8115
2 17 672
7 4 4314
16 6 54
13 9 1833
6 14 7757
2 19 3647
3 2 4145
17 3 7130
2 16 451
14 7 2045
20 13 6440
14 5 6155
11 6 650
7 14 4475
3 9 4019
8 6 7959
12 3 3626
18 15 9315
5 15 5875
13 20 1834
11 8 8298
19 18 7774
11 4 2669
13 6 3103
1 14 7628
3 20 528
6 4 1925
4 13 3062
2 4 7433
6 14 2726
12 13 143
3 7 3065
1 8 8361
14 15 4271
11 16 834
12 1 8897
8 6 2551
1 15 2696
5 20 2126
17 15 2659
3 12 2467
19 14 3852
5 19 8465
20 13 2801
8 1 1927
11 18 2171
16 17 228
4 19 7165
10 3 7087
6 8 9578
15 6 5628
10 9 5424
1 3 4963
4 17 3738
2 16 2526
5 1 6203
17 11 327
12 8 1154
1 11 4925
9 4 4941
12 3 3830
1 14 8959
19 6 3008
18 1 6059
20 4 2761
18 5 6478
9 14 4888
2 11 4461
9 14 7385
6 1 1112
5 16 2357
13 11 8824
6 17 3217
7 18 8527
12 10 9362
17 3 9618
13 18 8697
6 2 4424
6 20 8933
17 16 2054
3 5 9735
15 13 1458
10 13 2964
8 4 912
16 8 2849
16 19 2224
3 15 6512
2 16 1460
6 2 7871
7 15 5206
4 11 7399
20 2 2194
15 18 6535
17 14 177
6 3 549
2 1 4414
2 16 4856
12 18 425
19 13 8444
17 14 41
14 16 73
19 11 1018
16 10 3832
1 9 8686
11 18 2590
11 6 9354
15 12 6741
5 19 336
20 13 7606
5 2 8504
10 16 609
13 18 7550
17 2 1628
8 2 6130
1 14 9175
2 18 216
4 14 3993
5 2 3393
20 11 6429
8 5 76
7 19 4971
5 4 1222
4 7 2364
11 12 7490
1 5 5543
20 14 7592
5 19 9233
11 6 4976
20 4 1423
19 8 3585
9 12 7865
14 16 1546
13 7 8679
10 3 8520
6 10 5945
6 1 3246
9 19 7871
2 4 1133
8 11 9764
2 4 4424
8 1 6970
16 6 29
4 8 2089
4 18 2410
4 10 4682
9 3 609
1 2 1759
15 9 4147
11 10 2844
11 1 749
8 17 784
16 7 5186
19 14 5630
5 9 9924
20 18 4767
5 16 3319
7 12 1026
16 2 2550
17 5 9516
5 3 8076
14 3 1197
9 13 427
7 14 4430
5 6 627
13 16 94
6 17 4737
2 15 5995
17 13 3937
19 3 1356
16 12 8231
2 6 2012
18 7 9691
11 3 1635
17 13 4009
3 14 5455
4 15 6304
17 9 1125
18 14 7110
9 1 1081
11 16 1362
5 4 3677
4 10 4903
2 10 4949
3 14 675
1 3 6924
12 10 3879
20 9 2620
12 4 1946
2 5 2393
6 14 6699
10 3 5939
18 11 1462
15 9 9962
20 14 1516
10 18 8870
19 1 3972
5 18 6216
11 20 213
9 3 1955
6 11 4485
15 1 9816
12 2 8116
20 11 5899
14 9 3978
13 17 8690
14 9 2942
11 4 1364
9 5 4779
1 12 1886
15 12 1334
8 14 4296
9 6 9677
10 11 2599
10 14 4687
1 17 2250
8 9 6680
5 2 8406
7 17 7517
8 2 9965
1 7 6022
3 2 6065
10 16 7903
14 5 3942
6 3 8424
12 7 2269
19 3 1908
8 2 1013
17 11 4115
10 5 3557
11 14 9997
13 15 5346
12 13 5132
15 20 7959
3 5 6996
13 10 7480
19 4 7919
7 20 2499
7 17 7463
14 19 2023
7 13 3038
6 8 9459
3 8 4099
11 13 4601
19 20 8353
9 3 541
3 8 2337
18 19 9898
9 12 6817
11 10 6926
19 10 4521
8 3 1656
16 13 2362
15 19 3147
15 7 1189
10 19 7664
2 16 5616
9 15 2571
6 5 9558
3 2 525
11 4 8351
14 6 911
18 17 8338
19 14 7637
15 5 1592
10 16 2506
18 5 6338
4 5 9971
2 6 9153
14 13 8195
17 7 8397
13 10 4641
15 20 944
12 2 290
20 6 3806
6 17 1451
16 10 1065
7 14 6075
10 1 9696
14 10 3162
13 9 7359
12 9 9427
11 3 775
20 11 3553
3 12 5496
5 15 1365
3 16 4461
15 13 6822
3 8 1578
10 6 196
15 11 6344
15 2 1013
13 20 3429
13 3 5968
9 16 1909
4 20 6435
5 7 4320
19 6 6807
7 1 1368
13 8 8533
17 15 3448
2 4 6223
12 17 8584
9 4 7983
19 17 9221
12 3 3857
11 6 4325
7 18 5970
4 15 5678
12 17 7784
9 8 9427
12 18 7613
4 8 1409
6 9 7186
19 18 6444
14 2 8851
9 12 3651
10 13 1455
10 2 7466
8 14 9794
15 13 973
11 2 8443
11 3 4365
2 11 8824
18 4 2180
16 10 2328
3 11 8183
19 7 9488
11 9 5652
19 14 9861
4 7 2743
11 13 7129
15 2 719
4 8 4866
19 2 9258
11 15 8599
19 2 6064
17 8 279
10 16 6366
16 7 1387
14 1 3331
13 14 3841
7 16 9811
20 18 1893
3 9 9353
10 5 1795
9 13 1648
13 16 7209
5 18 3244
10 16 6842
10 1 9813
9 4 9852
15 14 9892
1 15 9991
18 20 7781
19 12 2545
1 8 900
6 4 5539
13 14 8253
12 1 5835
1 18 2786
10 1 8806
12 13 3211
10 19 6980
12 18 74
14 1 1498
7 17 9791
3 19 1160
19 10 160
10 5 9073
1 9 7968
9 18 8504
11 8 4197
15 3 2612
20 2 1057
11 4 6684
17 13 5453
2 15 6814
3 17 5461
16 5 2600
17 1 9199
13 8 2585
1 18 7007
11 2 8883
10 4 1759
6 2 7096
20 19 7578
11 8 3730
2 16 2679
17 14 900
5 6 3094
9 13 1244
10 15 169
16 12 5974
3 9 5652
7 5 6447
10 17 5875
12 10 2913
7 14 9092
16 10 6858
1 13 237
12 8 1227
3 16 3184
15 1 6098
14 2 2579
1 12 1948
6 11 9976
10 11 6150
14 6 2215
3 8 7433
17 8 8523
3 11 7642
12 8 6706
20 2 6539
12 8 4209
7 17 5760
10 3 7667
7 16 2029
15 1 9254
18 9 2504
2 12 9083
16 18 2107
13 2 7297
16 8 7125
19 16 1377
15 20 4999
15 14 6923
16 4 8889
14 13 4748
1 7 5679
11 2 4962
20 16 6364
17 14 1562
6 14 8275
11 14 1182
8 20 8111
4 6 7173
10 2 2113
17 2 8248
11 12 8806
10 1 3166
12 19 1294
7 19 6949
7 12 8167
17 18 1021
15 10 4789
10 5 1970
19 18 4016
7 5 9169
7 9 2098
19 11 5200
6 7 9200
1 11 8272
14 16 6086
19 1 1332
5 7 4508
1 8 8075
12 13 272
9 14 9886
18 12 7605
18 7 7769
3 14 5001
3 18 39
9 16 3290
8 2 3094
5 8 762
14 18 9502
3 8 5666
14 5 5085
16 6 222
5 2 4873
7 17 3344
14 1 6081
9 12 3714
9 12 7217
20 9 7041
12 14 3780
4 20 6654
17 16 4366
15 1 6836
1 17 8456
6 12 4809
20 17 5603
13 6 441
16 3 2886
3 1 1837
18 3 509
17 19 1494
1 7 475
14 18 8881
16 13 3401
8 16 667
2 9 2482
9 16 9397
6 10 2013
17 16 8763
4 3 22
3 13 9249
19 9 3718
15 11 3291
16 20 3170
16 4 2641
6 12 8662
2 13 8754
14 10 5988
3 14 84
1 15 2719
5 4 7230
13 5 4770
11 6 1048
15 8 4327
17 4 6541
20 11 2589
11 12 7946
2 11 184
10 16 4979
20 7 3263
16 8 7197
14 9 2936
20 14 4791
3 6 1002
6 8 4568
10 15 2672
18 19 3546
18 19 8839
5 13 8564
9 5 8802
4 11 7605
2 8 1198
13 12 364
2 4 7722
6 2 3446
11 16 6742
3 13 9152
14 19 5280
3 9 2655
3 8 4246
19 5 2291
20 15 4605
4 6 79
5 2 2331
14 4 595
11 7 4988
17 11 490
19 4 8136
18 10 1631
5 9 6738
15 1 7373
14 16 6735
2 17 7607
5 16 8383
20 2 433
5 20 2280
4 8 837
6 19 2738
9 20 578
18 12 557
16 1 1902
14 13 2137
1 16 5908
5 15 8720
11 17 42
12 10 6291
15 13 3592
10 8 1491
20 14 3054
4 2 5904
6 17 8480
16 20 2469
19 4 3640
16 2 9994
7 3 3839
9 2 4400
19 12 1024
4 15 4244
10 3 8708
3 2 688
7 12 4638
14 1 2817
11 3 8936
7 11 9878
3 1 7190
6 15 2664
3 16 2567
1 19 8589
12 6 9468
6 8 3190
3 4 1548
3 18 9100
4 7 1204
9 12 1571
17 19 5968
17 6 1532
3 20 7976
17 12 1496
5 12 6804
9 16 7451
20 13 5792
4 14 1776
3 10 8301
15 19 3586
18 14 894
11 4 4751
14 3 4272
12 11 339
2 19 9048
13 19 480
3 4 8991
3 9 4423
9 2 6743
15 20 3189
19 3 1358
2 8 7470
6 1 1914
5 11 62
6 14 7505
3 4 8103
10 15 3530
13 15 9150
11 5 845
10 19 4066
4 13 8774
11 12 6748
12 10 4399
19 4 7353
20 14 3044
3 9 1564
15 11 7023
1 12 9493
12 1 5478
19 1 4616
9 19 2180
16 18 2884
3 1 9771
3 14 5842
7 9 3918
18 13 3699
8 10 66
10 13 5620
2 4 9131
9 12 4590
13 11 9173
5 8 2296
9 2 8491
11 18 1072
17 20 644
1 14 7038
14 11 275
14 3 2204
2 11 9663
8 18 1152
4 11 6718
1 4 5567
4 2 2660
6 7 2652
6 2 6841
10 18 7284
11 19 8422
16 2 6788
12 8 8000
5 20 2139
1 11 2462
19 6 7541
9 20 1623
19 1 7099
16 2 615
8 14 8597
2 7 539
11 19 1477
16 18 6372
1 13 3759
14 16 9066
7 2 3035
20 14 549
14 13 6194
14 18 7104
11 12 3695
9 8 7499
10 9 3880
8 10 932
10 16 5599
10 17 4600
12 15 2862
15 6 3968
17 14 6705
7 14 309
4 5 793
8 9 2470
11 12 9815
11 8 3744
5 20 6475
16 7 5159
10 19 7810
10 8 41
19 5 7976
7 10 2504
7 13 6841
11 17 5396
2 7 7652
10 8 84
6 11 1251
7 16 1382
9 3 4278
3 5 3566
6 9 6647
10 19 884
1 6 779
2 16 2521
8 14 5135
12 16 3337
15 2 2738
11 15 7591
17 12 2081
16 6 7283
6 19 3574
13 18 4999
6 3 1718
13 20 8048
7 4 232
16 20 5859
10 6 3395
20 6 4273
16 3 2073
14 1 1239
18 3 9609
4 18 6126
15 2 9079
3 10 737
19 20 1139
2 7 664
18 16 6725
2 1 7962
9 16 685
17 18 9508
14 5 2945
20 2 7059
4 9 678
20 18 3042
12 5 1624
16 13 7930
2 16 7616
17 18 7760
1 13 5094
2 10 2449
8 19 6225
5 15 8134
6 19 2171
3 10 5085
10 19 6924
6 1 3025
14 6 9413
6 8 5408
18 5 705
11 15 892
2 6 7735
11 3 7999
7 19 5622
5 18 1377
15 10 8109
8 14 6069
7 3 2439
1 20 4319
11 5 6340
17 9 4633
19 15 3788
20 15 5021
8 15 1989
2 19 3643
3 2 105
7 17 8510
14 9 9762
14 7 4805
6 3 8843
1 2 1621
4 19 1188
14 4 4592
15 16 657
2 13 8412
20 12 8739
11 5 5508
8 5 952
2 10 4959
2 11 7014
13 16 1061
14 13 5403
17 4 7374
7 12 5276
9 13 762
10 4 2730
8 13 2452
14 13 2571
20 13 3408
15 6 8441
4 3 1410
8 19 4361
15 8 1515
4 10 490
7 8 9757
13 11 5740
7 3 7284
1 14 4706
12 20 5387
8 10 43
18 6 2357
9 13 3155
7 14 7761
20 12 6739
8 17 1099
15 1 3054
8 10 4217
8 4 6261
8 14 8631
18 4 1377
15 7 7118
15 1 4172
13 5 9155
7 14 665
16 1 2213
1 12 5477
20 4 7878
10 2 1386
13 15 5145
2 4 4505
7 9 309
18 11 5124
5 15 4347
18 2 5319
12 13 7592
13 4 6462
12 2 7331
19 10 7292
1 20 4118
18 15 1596
2 17 1868
9 14 7910
14 2 1504
10 17 1884
8 6 8403
11 18 8682
8 11 1867
8 12 3478
6 5 6239
12 8 6116
13 12 2658
6 14 7172
11 16 4321
11 18 999
7 5 4490
12 5 8389
11 19 6920
20 8 4610
17 1 1397
14 19 831
14 7 9850
15 13 6161
14 7 4230
12 9 560
9 7 2034
6 11 5330
2 1 2209
7 19 1980
18 8 6539
10 4 7541
16 7 8634
10 18 2318
15 14 8136
19 14 7844
14 7 2952
1 15 2938
15 13 6098
12 16 1818
18 11 614
17 11 2390
9 10 8787
5 1 8183
10 1 7394
13 3 4215
15 6 4714
12 14 6694
5 4 8996
3 2 6947
10 9 1769
5 12 7955
16 8 4634
1 3 5128
1 3 5101
1 19 1477
15 16 6431
12 16 3538
4 3 2928
10 12 6212
15 1 2254
14 2 786
9 4 1001
16 12 9271
13 16 4632
1 15 8041
7 15 4249
20 6 2797
13 3 5053
12 8 4465
18 9 9557
3 2 3294
20 13 9045
12 16 1005
11 7 4067
19 2 9624
4 2 3381
16 19 3660
4 9 6330
9 15 8614
20 10 667
20 18 7838
3 16 3293
4 13 9449
4 14 5949
16 18 4509
9 12 3994
6 2 3203
11 9 7257
4 10 1716
14 6 3685
19 6 1841
14 6 6901
9 15 6634
6 9 8282
13 17 9911
13 3 3902
7 16 7861
12 8 7138
4 9 8234
16 12 7604
3 12 7880
15 13 4594
11 2 3235
19 7 5907
12 4 6189
8 20 6485
5 14 436
5 15 3583
6 7 2687
10 1 8238
11 20 9579
17 18 2404
3 1 5812
6 4 1596
17 16 8805
7 9 1642
16 19 1326
14 4 2313
19 18 8397
20 7 2095
7 4 1523
12 1 3456
19 8 8871
11 14 4328
14 15 1897
13 11 7242
2 7 3526
14 5 7930
16 4 2595
14 8 2188
1 20 42
6 15 4861
1 8 2622
13 14 5118
18 4 3944
14 20 9012
6 9 9979
9 11 2893
5 15 3624
14 17 1548
2 5 239
12 7 6406
20 17 1729
8 12 2020
12 7 5718
7 14 3188
2 13 6868
20 5 9898
2 9 4943
5 9 9769
2 17 1263
1 5 7919
6 20 7585
15 5 460
10 15 5696
4 13 3852
18 15 8364
12 20 4291
18 4 1919
5 13 3587
10 9 2138
18 5 3169
8 9 1994
3 12 7670
14 18 1015
4 16 6812
14 13 6799
11 20 4891
14 15 1550
14 10 9219
6 14 5239
12 13 6464
9 10 3089
6 12 1921
7 12 2369
2 19 4158
8 3 8239
3 4 907
7 10 1157
6 12 6924
19 11 2098
17 12 3407
11 14 4652
1 5 4744
2 6 4579
10 6 4515
6 8 8625
5 17 3918
8 16 103
7 9 1699
20 12 2490
19 11 776
11 13 7090
17 11 3113
3 10 7673
17 18 5554
17 11 9086
13 12 398
12 2 436
14 13 7917
17 9 1512
6 19 7297
20 5 1057
7 3 6759
9 2 2587
9 18 2629
20 8 2550
1 6 5129
3 7 4720
18 12 4048
6 12 7407
5 15 6770
10 17 2422
17 1 6498
16 11 5678
10 6 7887
9 16 3144
18 11 8488
16 3 5254
1 15 290
9 16 2009
11 1 7800
18 8 8455
5 18 486
20 13 9614
13 3 2984
12 10 7138
14 1 1865
4 18 8969
11 9 1709
2 13 2438
5 20 2702
10 4 9257
13 1 2088
13 11 5821
16 4 616
19 7 5625
15 16 5350
13 5 625
13 5 8823
16 14 463
14 5 4161
3 14 9398
3 11 1338
18 7 4932
18 6 9237
18 20 8291
19 6 1448
5 13 8726
17 16 4829
19 3 4429
16 3 38
7 8 5054
14 6 4147
10 5 9855
6 20 6207
10 13 6500
16 17 3062
8 19 5014
8 13 7897
10 2 131
11 15 7916
7 4 667
5 17 2038
17 14 1950
12 5 2778
6 1 4591
19 9 7
10 9 4542
6 17 1981
17 11 5385
8 9 7937
5 1 7524
5 12 6041
11 5 3484
7 2 2671
6 7 9089
17 8 8267
18 19 4200
15 16 5192
11 13 859
17 18 8291
15 7 1463
3 20 3427
16 7 8315
11 7 5280
17 3 6880
2 13 5677
5 18 2571
19 13 145
2 1 8201
4 17 8062
8 20 9809
11 13 980
19 20 4008
5 8 9978
16 14 8710
12 3 6340
17 2 1502
15 10 1359
17 10 2898
5 19 4203
6 19 5033
6 17 4482
20 4 1728
12 14 383
1 17 8489
20 10 5514
20 12 2272
4 5 7039
13 5 1760
2 15 8734
20 15 7650
16 3 4542
17 18 1053
6 12 139
11 8 5056
8 5 8223
20 2 6649
5 15 9369
2 13 2669
15 17 5138
14 2 5746
19 16 2975
13 7 8957
5 7 5582
5 1 9335
8 6 2019
12 2 3466
20 1 218
17 4 4625
5 6 1158
3 7 9276
7 13 9790
7 6 6004
13 2 8327
14 5 9650
11 6 4347
6 11 4337
16 14 1324
13 17 5897
11 17 5693
16 13 7351
16 17 9362
1 5 8730
15 11 8083
7 17 5585
11 18 9183
7 17 6389
6 2 5611
11 3 8622
14 19 6755
14 16 281
19 8 7421
6 4 3866
17 14 391
13 10 7840
4 18 2130
14 20 8614
1 13 5146
2 12 8319
4 14 4908
15 17 618
12 10 2265
7 12 9943
19 3 1156
8 18 3159
5 3 8511
7 6 8381
6 7 3541
18 3 4465
15 5 271
16 1 1207
7 3 4697
14 12 9068
16 6 176
15 9 4920
20 9 6322
13 18 2198
10 13 72
19 3 6860
18 20 1900
17 5 4913
16 14 9486
2 20 1568
9 5 170
2 20 1109
8 20 5707
10 16 8027
5 8 7775
5 9 4547
6 2 1715
10 9 3339
8 14 3505
6 18 8218
16 2 2344
14 18 680
17 16 5634
15 11 253
5 20 2489
11 15 6073
17 2 5416
7 12 7481
16 1 515
19 18 4991
19 2 5448
3 19 6071
12 2 7220
2 11 2834
13 4 1303
3 9 722
19 8 946
7 3 8687
15 18 2845
4 8 3241
6 5 1724
18 14 7169
11 16 1467
19 13 9657
19 2 143
17 7 2703
5 4 271
13 11 3476
12 11 9196
9 1 6102
4 19 7893
9 5 246
8 3 8344
19 20 8872
17 13 2833
2 4 6089
16 17 8517
19 20 1284
6 18 9147
10 16 918
8 1 6031
3 16 2390
14 1 2074
18 7 8382
6 3 8346
20 6 5714
4 7 6097
9 6 4753
2 1 1983
17 9 9920
17 13 7066
17 7 1012
17 8 2122
3 6 6703
5 20 2573
18 11 1921
15 20 1081
19 12 3961
11 12 5868
14 16 2137
20 16 5791
13 4 5087
8 16 3543
16 7 8457
7 18 9199
7 5 1086
6 9 341
1 15 1155
19 7 2526
11 10 3180
20 14 8839
18 2 4146
12 10 1840
9 6 3763
14 2 1971
8 14 2709
9 16 4430
7 10 4664
12 2 6260
12 13 2515
7 9 8171
9 20 656
11 5 2937
19 7 9428
14 4 2372
8 14 3462
14 15 1103
8 18 1464
14 7 596
16 14 2407
11 20 3306
17 14 4224
13 20 520
7 14 1586
6 12 5445
8 12 4088
17 16 7553
13 14 8258
11 20 3358
7 10 5866
7 20 260
14 16 1029
2 9 2870
17 12 7579
15 16 844
15 17 5025
12 6 5723
12 18 4096
15 19 2184
19 16 5723
4 12 9504
13 1 5591
1 9 5506
3 19 9819
18 2 4121
9 17 5714
3 8 1321
19 15 3988
15 4 1365
5 15 6747
11 6 6256
4 8 5793
12 20 2881
19 9 9949
1 20 2092
7 8 5809
7 6 1160
19 1 36
15 17 4148
17 15 3361
12 9 1479
15 10 7525
17 15 4091
10 13 7420
2 3 4845
4 20 610
8 18 8187
17 8 5170
4 20 2515
16 5 5437
10 19 1677
19 13 9847
18 16 2989
17 9 2383
15 14 3916
3 17 4525
10 3 1985
13 10 3397
7 3 203
16 17 666
13 20 2756
18 5 3555
4 5 2000
3 2 5734
14 18 5794
14 1 1176
15 6 2502
3 9 7396
7 1 6292
9 10 9073
18 14 9
15 3 877
18 17 3804
11 13 2290
14 20 7300
3 10 655
10 15 2439
15 7 6464
15 13 4349
14 4 2308
19 14 7438
16 20 662
5 20 962
8 17 3473
6 13 2973
9 17 6812
10 17 3533
17 19 9750
1 17 9725
1 7 6407
4 6 575
12 9 539
18 14 2943
5 4 4853
6 12 7843
5 10 136
11 7 7329
16 5 1742
10 2 2780
3 4 693
20 2 1048
6 11 7570
20 9 2140
9 1 2472
19 1 8457
9 5 4746
6 11 4699
17 1 4816
5 7 9473
20 14 2483
6 17 5334
6 8 733
19 6 1065
19 20 5033
9 17 3439
6 20 4170
5 3 4770
10 19 6468
19 4 3062
4 11 2187
7 4 7005
1 9 424
8 17 4567
11 6 6153
1 18 9174
7 9 1598
20 5 7729
1 19 3426
8 13 735
13 10 9563
11 12 9236
11 12 2065
11 1 7546
8 15 788
18 6 9943
9 14 2816
20 18 9389
10 7 3831
10 1 7322
20 2 1627
1 12 455
14 5 2358
20 17 8830
11 18 2406
6 15 50
15 13 1271
20 18 9314
14 18 4978
1 6 154
12 3 3577
15 13 1135
17 11 9194
6 13 748
5 20 8367
6 20 2719
8 9 3555
11 13 3800
1 16 1099
13 17 6183
10 17 3060
19 4 2400
16 18 71
12 3 7781
18 7 8296
7 4 8253
19 16 7286
9 19 5961
2 10 2365
6 7 7158
18 2 8939
14 17 1034
14 9 7874
16 10 97
20 5 5924
20 12 1850
3 7 6851
8 1 2770
4 9 6468
4 1 1159
7 19 9464
1 7 5759
6 4 230
19 17 5471
16 17 1684
9 20 2947
11 16 2470
20 2 6198
6 15 7159
19 15 3792
2 18 8901
13 16 9737
1 6 5014
5 14 728
6 7 9671
17 2 3371
10 9 9078
20 16 3574
18 12 8732
18 14 572
17 10 7732
5 3 6468
1 9 917
15 20 7758
1 2 3624
2 12 5750
16 20 4364
6 7 202
5 4 7390
16 5 8896
6 11 1484
18 13 8753
5 14 7741
16 9 2071
4 11 5757
6 15 2981
5 9 5312
8 18 5929
11 20 4581
13 1 8065
16 5 9683
12 7 9869
5 7 6437
7 13 4989
19 6 7213
8 7 9660
13 12 1257
11 18 667
9 15 5775
4 10 5537
4 17 1859
15 2 2062
15 3 140
3 5 901
16 18 5377
1 5 5865
18 16 8526
10 12 9789
15 5 1707
16 12 6491
5 20 9980
16 19 6808
6 15 7439
17 1 433
7 3 2958
14 12 6956
10 6 8030
9 20 1528
15 11 9649
15 18 4193
11 19 3149
17 11 2283
4 20 1302
14 8 270
12 13 1136
7 3 9081
17 2 8718
8 1 3246
7 2 7783
3 7 6492
11 16 2196
12 13 4936
18 13 5882
8 2 6953
3 9 8231
10 5 7700
14 12 1795
2 5 8384
1 5 389
18 14 5203
19 3 3754
10 19 6576
11 19 6824
16 2 7206
19 4 4288
2 7 2531
10 1 936
4 12 5675
3 1 3072
16 10 6431
15 3 1737
11 16 2453
15 3 7934
9 16 1961
6 4 543
20 8 5944
8 5 1390
19 1 7480
8 14 6861
8 7 7272
3 5 3143
9 17 2354
10 9 2824
6 12 6191
20 7 3363
16 5 4079
6 4 6782
18 11 6049
11 15 217
10 7 6039
16 13 8353
3 2 7668
9 6 4330
20 3 5390
7 20 2736
1 7 3633
6 3 4
2 17 6142
11 13 5873
2 11 2314
1 11 2129
11 2 3597
5 15 800
11 10 9553
16 12 6345
11 3 7262
16 12 667
4 11 6759
13 16 7907
15 13 285
6 13 8022
2 16 2291
6 12 2168
3 4 3388
14 11 9680
9 15 885
10 16 2461
6 12 4993
5 11 7017
1 2 760
10 4 68
1 6 8257
1 9 1656
8 10 8492
1 3 4837
20 11 9680
6 20 4810
2 12 8325
8 6 2302
4 10 2489
5 4 4125
15 11 2852
18 5 9512
8 6 841
20 16 6029
2 13 8228
1 20 2667
18 9 4849
5 9 5566
2 14 3176
2 15 2148
3 15 9677
15 19 1722
5 9 467
1 10 4538
4 5 102
5 1 1988
17 13 7583
9 7 1473
14 19 4180
4 8 824
18 17 6595
2 14 4521
4 13 21
13 14 825
14 18 5666
13 1 5168
7 11 869
7 9 1480
5 4 9450
14 4 2911
1 8 5611
8 3 6394
8 4 3962
6 20 9252
19 2 3559
4 19 5239
19 5 7458
13 2 6923
17 8 1261
19 4 5235
2 20 5353
3 12 6812
14 6 6882
12 1 7899
12 3 5695
5 16 6501
4 11 6689
20 11 6018
13 9 1211
16 20 4649
10 12 5852
16 4 3638
10 1 4408
15 5 7178
13 2 5305
17 3 2538
13 6 8939
6 9 8195
7 19 5746
9 6 5150
18 13 9402
20 8 2693
14 16 6543
8 10 2377
16 3 6749
4 16 4048
14 6 4750
18 10 4332
11 14 8769
13 19 1157
2 16 7587
10 12 4279
20 13 5090
15 13 4209
17 12 8148
4 12 2175
20 8 2206
20 9 3262
6 16 7493
13 17 4668
4 8 8900
15 8 9213
15 10 5794
18 15 5013
12 10 3327
8 20 2490
15 17 6613
8 18 5504
12 3 2830
8 2 953
17 7 5184
18 15 5033
3 6 477
5 2 2196
4 13 8344
3 10 3283
10 18 1600
16 20 9655
13 20 8351
13 6 5294
12 10 2591
5 18 5706
20 11 529
9 3 9669
6 15 9185
12 5 7038
16 10 1682
15 20 5851
7 1 6428
14 2 3162
19 7 1351
4 2 1847
19 15 7372
6 3 8247
1 15 7954
1 7 5420
16 17 114
16 13 9019
6 11 2337
6 7 7645
13 3 2816
6 7 3202
14 7 3081
14 11 4592
15 4 5858
1 10 2323
6 3 2703
9 15 5153
9 16 8639
3 18 6273
13 1 6344
20 2 3371
12 6 9985
15 6 80
20 3 4387
20 11 2194
6 17 8609
9 20 2426
17 10 5332
15 3 5971
18 19 1078
19 12 1889
4 14 3506
2 8 9663
16 2 9696
19 13 5095
11 19 7122
6 4 8244
6 19 7136
18 20 1500
13 15 9125
12 7 6430
3 17 3819
16 13 3911
2 13 9729
3 10 7278
7 9 1279
18 19 5176
5 6 140
2 1 3641
7 2 8149
8 12 2908
12 11 6558
18 10 404
17 1 6024
10 7 2486
20 9 3931
14 19 5817
5 14 32
5 4 5792
3 11 988
5 9 5995
20 4 5710
18 2 9286
18 4 7273
9 16 3550
18 10 7744
8 6 1591
12 10 1539
5 17 2213
12 14 3410
1 18 2663
9 1 2760
3 1 90
15 3 1621
5 7 1272
4 7 1475
6 9 7350
8 15 1505
2 7 3758
6 15 351
13 14 4944
4 20 7769
10 4 6210
8 16 3246
13 20 936
9 20 3208
11 15 9602
1 4 9719
13 18 6624
13 4 3886
7 1 6258
3 20 607
17 5 653
18 16 1700
17 11 3368
7 2 7976
1 13 4566
8 19 7685
12 10 1783
6 3 5690
4 11 5343
3 17 2181
10 13 8716
12 17 1756
15 18 1155
10 3 5852
10 18 8302
17 5 7074
2 18 8596
3 10 7561
19 14 8080
10 3 225
15 3 7476
16 4 7447
13 9 2685
2 13 5287
7 10 2152
5 14 5595
17 19 8605
14 9 1185
18 5 9617
15 7 4997
14 9 2511
17 2 5792
7 10 4021
16 9 8252
2 12 1826
9 14 3455
10 11 1239
12 20 4854
9 8 7055
18 11 1198
17 14 590
3 17 9430
9 20 7586
2 8 5521
1 8 4582
3 7 1990
5 4 1961
3 13 393
4 12 4741
13 4 2271
20 10 6113
17 6 2487
17 4 1365
19 9 2879
19 4 3006
12 14 3118
4 8 4515
11 17 802
20 5 237
13 15 5434
1 2 184
16 9 634
18 15 8578
12 3 7264
20 1 9369
3 9 367
11 8 4459
12 7 6306
2 15 1771
16 8 4300
11 16 8804
20 15 2489
5 14 7049
19 1 2488
5 14 4014
13 11 4979
7 5 1417
10 18 2838
18 20 433
16 6 527
18 7 3915
16 11 6447
3 16 94
17 7 1239
17 4 9715
20 2 6926
15 5 345
4 10 9277
18 15 6648
7 4 3245
13 2 7270
16 20 4697
2 12 269
14 7 6031
7 10 4291
20 5 4547
20 4 607
12 14 3197
4 11 7558
16 13 6668
10 6 1904
14 12 2517
10 16 119
4 9 2498
15 4 9126
8 11 5122
8 19 4337
16 2 1577
2 12 5713
10 16 3264
11 15 3337
4 13 4989
20 6 4671
1 9 8392
9 6 5538
1 5 998
15 4 5495
3 6 7555
1 3 9715
10 15 1027
4 9 1749
20 12 200
4 3 9281
17 11 5099
19 11 8554
12 3 445
10 6 7056
13 10 2859
13 10 4641
1 7 8628
5 3 5937
14 15 334
17 12 5392
15 12 2323
20 3 1177
1 10 5389
10 6 2003
11 8 4275
1 20 5043
16 14 1066
9 13 9285
7 19 524
2 8 4089
18 13 9176
11 19 1456
14 11 7407
12 10 5166
2 8 9965
1 14 390
11 9 3764
1 9 3822
5 4 9755
3 17 5855
7 6 9525
19 3 121
20 9 683
2 15 6501
7 3 5755
13 11 1517
3 18 8902
2 10 5968
3 6 1882
4 11 4509
10 19 185
2 7 6587
8 12 2491
13 19 2074
14 2 2663
17 14 9452
16 5 9786
14 5 505
18 14 3785
14 13 6922
5 11 3258
9 10 298
1 4 7902
4 17 1732
1 9 3614
14 12 9694
13 12 1815
20 17 3213
15 10 2253
13 2 3210
11 1 7570
16 3 3366
12 18 1012
4 2 2607
6 4 9851
14 5 4443
5 14 737
3 6 7560
14 8 9007
4 10 2752
11 16 1229
2 20 3221
16 5 2179
19 5 7739
4 19 3738
16 11 9783
16 1 2022
6 13 9205
7 13 3005
5 10 6995
10 13 10
17 10 7762
14 11 747
13 4 874
20 1 8836
8 11 5590
10 1 9522
18 10 3164
5 2 4706
16 14 2335
20 18 5616
5 19 3512
4 7 944
18 12 8656
11 13 2296
1 2 4361
8 14 8035
14 12 9302
19 8 7880
1 16 2710
13 2 9953
11 4 8065
18 11 1611
12 19 2444
4 14 8696
10 13 7469
4 5 846
10 11 8647
3 5 2156
20 9 8886
2 9 9848
7 8 4536
10 5 7634
12 1 8626
5 7 3201
19 12 1222
18 5 3585
16 5 8353
20 11 1368
20 15 4488
11 6 2717
5 20 5163
6 16 5322
3 2 7805
13 12 2230
5 20 9984
11 7 8592
18 14 2372
7 3 5191
5 7 5419
3 20 9667
19 12 960
7 4 3280
19 8 1346
4 11 21
6 15 5822
14 16 288
14 8 3349
5 13 1919
1 5 6432
7 16 1509
14 18 3193
2 20 8908
12 3 562
12 13 5252
4 6 4957
1 2 8466
4 1 5829
16 14 4613
3 17 6158
10 13 5200
17 2 843
12 1 8701
19 1 4621
6 10 169
2 3 835
14 11 3083
5 2 6100
17 6 6834
10 8 7255
9 20 5985
11 9 4418
18 6 7407
11 4 2049
11 10 5345
20 4 156
5 18 5559
7 12 9415
8 14 9130
8 1 86
5 15 7077
16 19 3385
8 9 548
16 13 6782
18 8 5897
20 5 7800
14 2 8842
5 10 9216
6 11 5533
4 20 8297
20 19 2239
2 4 6007
1 11 7850
6 5 5079
8 5 2630
20 19 9974
19 16 1003
2 6 5064
12 7 8828
4 11 6566
12 16 3291
13 17 5803
9 14 6127
18 5 3216
14 8 8438
5 11 1184
6 9 6060
4 2 2538
1 10 924
4 6 5848
14 7 6985
10 15 2501
11 20 1158
9 17 4486
13 3 4734
16 4 9828
20 2 2091
16 1 1480
14 7 6886
6 10 5837
2 20 9700
2 8 196
20 5 1428
16 1 2134
13 1 604
9 19 6876
10 5 6991
4 18 7858
20 16 4150
11 7 799
8 7 510
1 20 7982
8 20 2139
6 20 771
15 11 2356
13 6 8619
1 18 8265
10 4 2545
11 2 4302
5 8 6142
11 17 4825
4 19 641
12 11 3755
16 4 9446
10 15 6033
18 11 5319
13 14 4091
2 13 6636
18 6 9322
19 6 4334
2 7 4971
9 15 1009
8 16 578
16 6 51
3 15 319
11 5 980
6 15 3172
3 5 7268
10 11 1873
13 15 6978
18 11 9942
8 2 618
9 6 7322
16 8 6915
4 18 6933
10 3 2883
16 13 5136
11 15 7521
5 15 5234
4 6 6123
3 1 7066
11 5 5424
3 7 8909
19 12 1566
7 3 564
19 20 1852
2 16 3077
9 2 99
8 12 7240
20 13 6831
15 2 3743
19 1 9701
15 7 681
11 4 7400
9 6 9635
16 5 2445
9 1 5220
19 10 8948
1 20 1449
5 20 9133
1 9 9771
18 14 5141
3 6 5541
8 11 1083
8 20 51
11 17 8305
12 6 8052
3 20 6768
11 17 144
17 14 7117
18 7 7367
14 4 673
15 19 1472
18 2 2810
1 7 7328
2 14 3324
9 12 4598
20 2 1824
11 12 7579
14 11 1654
15 7 4248
14 3 746
15 9 3023
18 20 4084
7 6 2795
7 5 3442
10 19 1798
7 1 392
14 6 6606
7 19 6397
19 3 7945
7 16 2894
4 10 1125
19 10 473
11 2 8016
6 10 1495
18 16 3831
10 1 1702
15 2 3304
13 20 4949
7 14 8970
20 16 6562
12 11 2678
17 20 7223
3 5 3197
10 4 3913
4 15 5372
9 1 8982
17 19 150
6 18 9467
4 9 6393
12 5 9696
15 11 9150
12 2 1599
6 16 246
5 14 6101
20 8 2298
10 2 6232
20 19 975
8 20 1263
6 10 3660
5 8 4967
9 8 2095
10 17 9543
4 17 5418
12 9 2049
2 14 575
9 5 7669
9 6 6205
5 2 4961
12 3 9952
1 3 631
6 11 9452
1 19 8528
1 6 1383
6 15 6613
5 13 4010
19 6 6867
7 12 3081
5 2 5027
7 16 2734
12 5 3077
13 20 952
17 8 808
1 6 1128
18 11 6584
4 18 9484
2 16 8622
18 19 81
15 12 2230
14 11 5409
11 9 1633
2 11 5417
4 19 8816
5 10 7975
2 6 1409
1 9 3086
19 2 8172
6 2 4797
13 10 732
8 11 3526
5 3 1728
7 9 5353
18 10 7896
19 12 2019
14 18 1720
14 16 3069
4 11 1860
6 17 2840
4 19 9160
19 2 6168
4 7 9939
7 14 7883
17 1 8739
18 1 8555
19 2 6869
2 14 1099
18 19 3420
6 2 190
20 6 8126
13 19 422
17 3 288
9 19 5531
6 11 3800
10 8 3254
14 17 5786
4 9 8594
20 3 5607
7 16 6220
12 5 2600
9 8 4015
15 13 7508
3 8 2493
1 20 9899
12 7 2193
13 18 2525
9 14 5090
9 15 2297
9 7 5359
18 6 1569
18 6 9648
2 18 644
8 11 4550
7 20 2253
13 1 1432
17 12 526
6 20 4417
15 17 8678
13 17 1009
17 10 5133
19 9 745
5 11 6728
10 20 4869
15 2 8362
16 7 6928
14 3 4781
19 9 3290
14 2 8224
17 12 2841
12 16 5633
11 5 8853
18 2 2269
15 20 8527
4 14 6783
13 17 6826
5 6 3297
3 14 9759
6 18 1359
12 2 1651
11 1 4254
8 20 3717
18 19 7719
18 2 6066
13 14 4372
17 7 6875
3 2 510
18 3 1249
3 9 2593
17 1 4618
10 5 1782
19 7 5562
11 8 4459
20 6 9982
9 15 5602
17 15 1968
6 8 40
4 1 9775
5 20 7526
1 18 6825
10 7 5675
18 6 1216
19 16 5231
3 12 5038
11 3 6592
9 2 3613
1 19 5172
12 9 2123
19 11 5759
9 6 3743
19 1 1474
18 14 696
5 14 33
6 5 2296
2 9 169
5 1 8092
19 13 1120
18 7 433
3 15 9832
18 15 6103
12 15 643
10 15 3548
11 4 1042
7 12 8298
18 3 4016
4 18 6318
20 12 644
19 3 3455
8 13 3913
3 18 2175
12 9 3719
12 18 1624
13 12 8231
10 2 2016
8 9 3030
2 8 5864
8 9 3478
15 7 476
3 12 3840
20 10 9648
3 7 4561
13 6 2562
2 11 1340
19 5 952
6 1 2990
6 3 5105
14 1 1431
12 7 3059
8 12 6328
11 3 748
8 17 3715
6 10 5407
11 16 1936
9 6 8335
14 4 1477
4 18 5727
3 8 3530
7 8 9426
1 9 7976
11 18 1414
13 6 7252
8 11 7704
8 13 2256
5 16 595
7 11 8037
8 6 608
2 7 300
3 13 6414
9 13 8042
12 17 6925
18 9 3947
19 13 2264
8 12 6442
20 18 1101
18 10 1751
15 1 1598
8 20 9047
20 19 8082
19 13 5222
18 14 814
7 10 694
12 17 195
19 9 2676
12 2 5981
4 7 1100
17 10 2467
9 20 6396
5 9 5095
13 7 6459
7 4 6914
12 7 3361
7 10 9123
1 4 2174
7 15 709
7 11 821
7 10 1379
8 19 8885
20 8 1979
11 2 192
11 14 1445
10 8 6041
4 3 648
11 6 7263
3 10 9741
2 16 306
7 8 1864
20 7 4479
6 10 8887
7 1 5644
7 3 5362
4 19 6818
16 10 8800
18 16 8743
13 8 4141
4 16 6756
13 17 8446
3 18 651
10 6 4706
8 4 1277
6 16 5247
2 4 5816
4 1 9317
2 18 2534
9 5 2704
5 17 8375
9 16 4403
16 2 1787
14 1 1415
5 18 2913
5 17 7692
17 4 2134
12 17 2306
6 7 9099
19 20 6792
5 8 6851
15 16 6976
16 15 5788
6 3 7640
9 1 5683
7 16 9123
16 9 1560
20 19 5467
14 11 2061
2 14 8549
7 19 4269
13 6 6620
8 12 3115
3 11 2750
9 2 9978
17 6 1607
6 4 3954
6 7 1154
8 1 2432
1 4 1348
4 2 9064
5 10 4427
1 3 1292
10 19 1599
19 8 2826
1 10 5181
4 8 6403
6 3 5424
16 8 8808
10 11 6092
12 5 9345
16 10 3206
17 5 1218
17 9 761
1 11 2089
7 8 5779
14 4 9049
13 17 764
19 16 9617
18 1 2167
2 12 3934
10 6 5251
12 14 3289
9 7 4058
20 8 6911
7 11 1242
5 7 75
13 9 4413
13 17 159
8 20 43
20 4 1449
17 11 2897
17 19 9109
7 18 5304
4 2 7042
6 11 5095
1 14 2055
15 5 5543
5 10 8582
4 8 8202
3 4 2039
2 15 3102
6 1 4733
11 18 2594
18 13 2911
11 9 2776
12 20 1836
7 20 2174
10 14 1445
8 16 3337
16 3 4317
8 3 6765
13 9 3791
18 8 832
7 17 907
8 15 6191
8 6 5512
4 14 1440
7 3 1930
1 8 8541
7 4 9048
14 11 611
6 10 2972
12 3 2333
3 1 3226
2 19 6589
12 13 5858
6 16 7431
12 3 5751
9 8 73
11 20 3718
14 1 757
13 14 1200
13 10 8874
4 14 445
17 7 8026
5 1 2333
3 6 54
10 16 6748
9 20 1635
17 4 6245
3 11 3376
7 20 5049
6 3 1169
20 10 9983
14 8 2341
7 14 291
2 17 8678
16 7 9464
10 1 8057
14 7 5956
18 2 462
2 1 8917
4 19 3379
18 15 9589
20 11 5200
16 7 1466
13 15 9079
18 1 2849
14 19 6758
12 19 4683
18 6 2707
1 13 205
3 18 2137
4 17 2979
7 5 5116
14 1 4679
17 20 4609
9 3 4322
17 4 2713
7 11 4767
3 9 8459
17 3 9947
2 14 4705
19 18 4323
16 12 1116
8 2 238
5 19 4641
5 7 1695
12 6 6757
5 6 5107
6 1 5985
10 3 5412
18 8 4408
8 7 7944
16 13 8232
18 10 1207
2 16 3547
20 17 6812
9 11 1165
18 6 4108
4 16 2378
15 1 5356
9 15 384
12 17 8404
9 1 3042
1 14 7724
10 13 7224
8 19 740
4 18 4891
4 18 9802
4 14 6831
15 20 2999
4 19 118
11 9 7375
13 9 4107
5 9 5927
8 16 2408
18 12 7206
11 1 6846
19 20 599
3 9 2278
7 14 3506
19 11 5312
1 18 403
10 4 849
7 1 58
4 7 2491
9 7 3387
11 10 6340
14 3 8359
1 18 9816
16 13 4877
11 10 556
11 18 4785
17 1 6049
10 11 2634
8 18 7324
6 4 7995
7 15 1453
16 2 1926
2 16 5305
19 12 8434
1 6 2827
6 11 4190
8 16 5848
20 4 8615
9 14 2049
7 1 7728
10 7 566
6 8 4474
17 11 8654
14 10 4510
4 1 8772
12 19 6764
3 1 6969
14 7 2361
19 6 4002
6 20 2947
14 17 2390
15 5 1120
20 8 89
2 16 2653
4 11 2748
6 5 285
6 14 1793
11 18 498
6 13 3857
17 11 1232
15 2 4172
19 17 3266
17 10 9925
7 13 803
13 12 3581
6 1 6709
20 18 5868
9 13 1832
5 14 4659
1 8 9689
18 20 2960
17 1 639
12 1 277
1 15 2329
18 14 5386
20 8 6729
17 5 4369
17 16 4814
4 12 149
7 14 3560
8 14 8602
8 16 553
16 1 9653
12 16 9721
14 9 9468
16 4 1613
15 10 7931
9 16 584
14 8 2046
1 6 1991
13 19 3772
14 17 4374
2 9 717
1 20 828
18 13 579
10 13 5694
19 20 7479
7 11 643
16 8 3578
13 3 2227
15 6 1375
9 4 445
2 16 4671
8 19 8099
8 15 3573
8 19 992
10 9 4461
13 1 6813
15 18 7576
18 11 48
11 1 6706
5 4 9815
5 1 299
3 16 371
4 19 1052
5 18 3024
1 5 5118
8 11 2920
16 18 5728
6 1 1889
10 14 4399
5 20 6851
17 6 5811
9 14 421
3 13 3267
8 12 1465
2 1 586
3 14 9654
15 8 389
15 3 1867
9 8 372
18 14 4313
3 1 7102
16 6 8087
18 2 9764
9 13 8668
14 7 214
15 8 2076
7 10 8483
9 3 2495
12 7 699
16 5 2445
5 19 8102
12 1 8304
6 9 6560
10 11 3850
13 9 1564
1 2 9515
6 5 2712
16 5 8107
19 18 4395
20 4 2416
17 3 259
14 17 397
7 6 8796
8 4 7142
20 9 2840
18 13 753
17 3 772
6 10 5585
8 9 3940
20 16 5523
3 13 4708
12 9 7455
12 11 2210
19 6 4728
9 5 9556
6 10 9208
16 17 9324
2 10 635
5 7 9787
12 3 870
19 12 801
5 6 504
3 9 5923
1 2 5938
13 8 6920
12 9 1161
2 9 796
19 12 9985
8 16 372
3 1 7762
18 6 4540
2 4 3816
10 14 6003
12 6 7090
8 5 5536
5 13 3628
5 16 96
6 10 7239
2 17 4610
20 8 6863
9 20 1344
12 17 499
20 19 2307
12 2 2414
2 12 3470
7 18 143
2 16 6436
19 20 5962
1 15 8585
19 14 1657
13 14 4400
4 1 37
1 7 7193
7 5 7304
2 13 5810
14 3 1483
10 3 1705
10 1 1137
7 16 626
11 17 7389
7 9 3615
14 17 9727
2 10 5257
9 17 839
19 16 7500
3 14 1469
10 4 6917
9 2 791
5 2 448
8 20 1082
3 10 2106
4 10 7391
12 9 6546
18 6 4168
11 19 7987
6 3 7183
16 9 6256
17 1 2342
14 7 4279
8 4 4725
6 18 5869
17 19 8345
5 4 880
16 13 6844
8 18 7327
18 1 58
10 17 5459
1 3 7275
16 9 3915
19 20 2428
13 2 5341
10 17 8044
14 7 5022
9 15 2219
3 4 9497
8 18 2086
4 13 4777
6 12 5067
3 4 1501
11 7 5210
15 19 7501
3 17 6686
5 2 5249
12 16 2044
17 4 4286
4 13 7118
5 10 5808
7 5 585
2 6 4373
11 1 9088
16 6 5994
2 3 1466
10 19 149
7 11 1497
14 4 9968
4 1 1715
5 16 3715
5 2 7726
1 8 9773
10 18 2219
14 19 1380
10 7 5476
5 7 5188
18 3 2072
1 2 7236
6 14 9948
7 9 918
4 19 2185
18 20 1095
1 12 254
6 18 5391
12 8 4498
1 5 7492
20 12 7941
11 7 7414
19 4 2791
3 6 4222
16 7 9579
15 2 1524
14 19 3547
8 19 8213
19 3 5685
15 17 4020
19 8 4731
2 7 2893
7 5 4545
16 3 4620
9 5 4422
17 16 669
20 11 7214
9 16 9916
3 15 303
15 16 4411
4 15 2093
5 2 2949
1 5 1302
2 3 294
17 1 4902
16 20 5979
15 8 6674
20 7 2069
6 5 765
8 10 1119
12 3 2323
3 8 2943
18 9 373
19 14 8934
9 12 8551
17 20 9610
10 18 6325
7 2 8190
6 19 4410
10 2 5240
8 10 9914
15 6 4051
14 10 5795
3 9 1935
8 13 5708
17 3 4973
11 9 5820
2 4 728
14 6 4645
19 16 3645
12 15 8753
4 5 4987
4 12 1902
14 16 327
17 9 4252
2 11 9481
14 8 6892
12 13 1810
7 10 5135
4 11 5722
8 10 5018
6 12 7726
9 3 2051
5 16 8600
11 16 4712
2 1 38
10 8 3536
7 13 1883
10 7 2595
11 20 34
17 14 2892
3 6 1888
18 19 6029
7 1 6298
10 15 5090
20 5 480
13 10 409
18 4 2223
19 4 8178
1 19 2455
5 8 8804
5 7 2664
12 13 7493
15 11 8250
16 6 8494
12 3 2772
18 1 6889
15 4 968
17 2 2520
14 7 3286
11 5 641
13 14 3466
6 7 1127
18 17 1547
1 17 9485
14 15 606
20 19 557
20 17 783
10 17 43
1 17 3280
15 4 4307
13 20 8591
16 2 7517
18 14 3018
19 4 4682
4 13 576
13 1 1532
7 2 4398
14 10 8036
2 18 7744
14 7 8397
7 16 674
15 8 1805
8 13 7627
12 10 1809
8 7 6679
3 6 7331
2 8 4771
7 8 4615
7 6 9540
6 2 1045
3 18 2121
17 19 5132
9 5 440
16 2 3989
12 1 8233
15 2 9766
17 14 1787
9 10 4364
1 6 9531
12 11 2706
18 19 3317
17 10 4834
19 4 7712
1 16 9691
1 7 8861
6 11 146
11 14 9837
11 9 6907
8 17 7702
20 15 255
7 14 647
4 15 2516
8 11 2198
10 14 4149
11 5 2863
17 1 7231
12 10 4569
11 19 4933
2 3 6192
7 5 8580
14 11 8966
18 20 9819
10 13 8647
10 11 9034
13 10 5454
5 6 8504
11 10 740
9 18 1225
17 9 4367
17 19 7587
1 13 26
17 10 8092
3 2 8788
4 2 6588
18 5 3439
15 3 1856
18 7 8420
4 3 6613
2 13 408
19 5 3749
16 20 5522
9 12 7088
16 20 1859
4 7 4188
8 9 7926
16 1 4321
11 8 5657
15 13 8447
17 20 4501
14 4 2310
9 6 2290
12 1 4128
11 2 6503
14 15 6158
2 17 7804
7 9 6289
13 5 1936
13 14 2921
9 7 6914
2 11 7785
5 6 8772
19 10 1102
9 15 1775
8 19 457
19 9 9754
10 5 3721
10 6 7906
8 19 901
9 19 1828
4 16 5740
1 20 7681
14 18 793
7 18 2360
20 2 7553
4 3 1980
8 10 5781
6 4 5795
4 14 926
2 18 4362
6 16 3008
17 5 4606
5 17 893
11 6 2421
12 17 8787
15 12 8648
18 8 4890
13 17 6835
4 13 1049
4 12 8167
4 6 3697
10 14 3901
11 4 4829
12 2 4524
3 11 8389
14 9 3480
14 1 738
16 15 1432
1 18 6412
9 18 203
9 6 5640
10 20 8934
17 5 2077
10 14 6604
12 4 4965
16 19 1043
1 6 2465
3 16 861
10 11 4750
18 12 5025
13 2 3741
14 16 8317
10 17 6549
5 19 544
2 1 1408
17 11 9663
4 7 6464
16 19 5773
12 2 8301
14 2 650
5 18 3083
20 8 464
17 11 2043
20 14 881
9 7 8848
7 13 3697
12 1 6378
17 16 1012
8 3 85
14 13 6080
3 1 1617
19 4 7808
10 16 4766
11 13 9318
19 2 2273
1 8 9312
18 14 972
8 4 4469
3 9 4299
3 13 7978
18 6 9294
17 9 2395
8 13 4333
10 13 5678
8 6 7092
12 4 6882
11 13 1605
19 15 1614
15 10 5153
8 16 4338
9 16 5178
12 9 585
18 7 6021
7 3 1746
6 2 2433
19 15 2155
15 14 8539
19 6 340
12 14 3848
18 6 447
1 19 798
2 6 7841
20 10 3657
4 13 5691
15 19 4080
9 14 8301
5 15 9068
11 7 2853
16 18 735
1 14 5024
1 20 2119
9 17 7946
14 16 5566
7 11 6713
1 7 8960
1 18 4201
15 4 5782
7 8 9502
9 13 3715
2 6 1695
15 19 7140
7 3 768
15 9 3829
11 5 8693
15 8 5961
15 6 8465
4 20 9327
9 5 1864
11 16 3361
9 19 3064
5 6 559
15 11 9480
4 20 8786
1 12 7555
1 9 1909
13 1 7830
4 3 7066
2 15 9381
11 20 5353
2 5 5776
13 14 1695
2 10 8596
7 6 9205
18 10 2251
19 1 1572
1 5 1717
18 9 7717
17 9 6930
11 7 3788
19 9 534
1 12 5324
7 19 1090
19 17 8901
18 13 6704
17 20 8542
2 6 7185
16 13 4525
19 14 8375
10 20 3898
19 15 7328
6 13 7689
12 18 4981
12 2 2989
20 1 9200
11 12 8234
7 13 4947
2 1 4637
17 6 1926
4 17 1343
20 5 1930
12 9 2668
19 18 3242
11 13 9150
1 12 8812
15 14 2211
3 14 1229
5 16 6214
10 5 8443
15 18 2941
13 5 7450
9 4 964
18 8 3001
7 4 4439
19 1 4913
18 6 6947
10 11 2338
16 11 7798
13 18 3904
11 6 4953
20 18 1655
9 15 184
2 14 3155
5 19 9551
11 9 3357
5 2 319
6 9 2141
8 16 3729
6 1 9630
15 2 8076
16 18 532
2 11 4048
2 16 3675
19 9 4812
2 17 5316
13 18 5332
4 9 9975
10 13 7017
5 20 2687
12 8 873
6 4 3377
2 14 8890
13 9 9013
20 11 3658
19 16 9718
20 13 3646
10 12 3169
2 12 9607
13 7 945
1 12 779
20 14 7660
13 19 2388
2 3 1621
17 8 1623
6 3 7121
20 15 4805
10 4 8569
19 15 5157
18 1 2580
13 9 3048
5 10 4547
17 11 4242
20 14 7197
14 12 1122
13 17 8329
9 20 8416
20 16 6185
19 5 8526
16 10 372
15 6 945
1 16 162
5 12 4467
16 20 7541
4 17 9655
18 20 1710
18 3 2324
18 19 3917
18 12 9403
10 8 998
1 8 5950
7 4 1592
9 16 7692
5 19 5513
19 13 9356
12 10 9754
9 6 5305
13 17 3856
19 3 158
17 19 9165
5 19 8546
14 16 1155
14 15 619
1 10 7562
13 19 7547
1 4 3724
18 13 3907
12 20 7110
18 2 1976
15 17 6682
18 6 8644
20 11 7622
19 17 1135
15 8 1296
1 2 3464
16 15 2051
9 7 4018
6 13 1271
15 13 9293
5 17 3462
3 20 418
10 13 9491
19 5 1967
11 4 256
18 3 7488
18 10 9564
14 12 2373
7 12 559
13 4 7463
4 16 3849
16 18 9026
8 5 1445
3 14 9995
14 5 6560
10 14 3948
2 9 3960
16 17 16
7 3 7293
12 20 1189
14 7 6090
1 2 6501
1 8 1342
19 10 5574
9 10 3951
9 2 9468
6 11 2705
17 8 55
2 9 7936
16 5 1245
11 16 8020
2 20 2949
17 12 2942
19 14 3490
18 19 5577
15 6 1466
10 11 6737
10 19 7884
10 2 4040
18 15 3385
16 3 4788
14 3 6023
17 3 5926
20 12 6272
12 5 8494
1 3 84
11 10 7418
12 19 5021
4 16 668
9 2 9999
19 14 5694
2 8 517
9 17 9748
4 18 3074
13 16 1257
9 16 2620
4 9 8711
5 11 2105
1 18 2013
15 5 3218
9 16 1105
13 17 7692
18 7 4854
4 19 3234
3 11 1429
5 2 8490
6 5 3287
16 17 2663
4 16 8668
18 16 6576
15 11 3664
1 4 4317
15 8 6519
10 5 7113
5 15 9807
2 11 635
16 3 581
20 7 7371
11 5 8019
17 2 9423
4 20 7811
15 12 4433
6 5 3302
16 3 8964
5 13 3441
12 18 779
2 15 5052
1 11 2539
8 10 1952
11 7 4796
12 2 1089
16 6 2808
9 6 7787
14 10 7186
2 16 688
15 7 9717
8 3 6183
12 13 6096
6 1 2092
11 18 6052
5 13 3522
18 16 3024
12 19 399
7 9 9322
12 1 6029
10 3 2579
20 14 2060
9 2 3618
1 14 8651
7 8 1527
10 14 3965
6 11 6896
3 7 9747
12 11 1311
20 11 2454
5 17 2455
4 2 9144
20 15 345
9 14 7192
1 18 3518
6 13 2032
7 9 2956
6 15 824
19 8 6097
8 12 9923
5 11 1382
11 19 8118
5 13 1915
5 15 594
20 18 9387
20 16 8057
1 3 1340
8 7 5583
12 11 9714
12 5 1685
19 5 5749
19 4 8553
19 8 1154
15 3 8686
5 2 2756
20 14 5677
15 3 2332
7 11 1256
5 11 4681
1 19 6228
3 11 5088
11 3 4704
14 18 8313
11 16 6672
10 7 6202
15 5 7916
8 11 4638
10 5 1283
7 19 5312
5 6 4453
2 14 2351
19 13 6838
20 2 5757
5 10 7571
14 15 8550
7 5 9930
16 7 4926
9 6 5805
5 7 700
3 19 5252
15 3 3035
3 8 3590
18 17 5190
5 12 2265
14 20 2856
8 18 1541
6 11 1487
17 7 4762
20 9 2316
16 12 6964
15 9 9431
7 6 8066
4 13 7585
19 9 283
15 17 7868
3 12 7471
1 9 2413
2 11 3038
3 16 7879
9 16 2493
18 14 79
15 11 820
7 12 505
10 19 2249
13 6 3996
14 16 23
15 3 7834
1 11 2986
5 4 9807
12 8 9207
3 13 3809
15 2 3160
14 1 6419
14 12 2495
4 5 9680
15 19 1695
5 12 5224
15 20 7605
16 1 4235
12 19 2282
10 9 9883
14 10 8199
8 2 6740
12 15 7683
14 1 796
20 14 228
13 12 3417
12 4 8592
6 9 1487
14 3 87
5 14 1653
5 2 7761
15 12 5348
14 20 3863
19 15 5553
4 5 6477
11 2 9294
8 10 4636
13 1 2
4 15 8748
6 9 8305
5 1 4078
12 4 638
13 6 9686
9 19 5916
3 13 2503
15 7 3407
11 2 488
12 9 5332
10 6 5773
15 20 331
15 17 176
5 20 528
2 1 939
4 11 1728
7 5 7241
13 16 7860
1 20 9708
8 12 7741
18 6 1771
7 9 7918
11 16 4644
1 3 7853
6 11 2229
1 8 4946
1 5 1467
3 10 8108
4 17 736
5 19 4514
9 15 1019
8 7 2736
13 9 2562
9 14 7971
2 12 4456
19 7 7935
18 2 6123
13 15 6874
5 18 9388
15 9 687
10 2 4782
4 3 445
20 10 3049
14 9 1259
8 2 8780
2 8 4128
12 13 5794
20 16 9079
14 5 5160
17 3 8314
7 19 7774
8 6 825
12 13 5653
10 7 7419
20 4 677
4 1 7853
2 16 8397
11 15 8423
19 11 2747
17 16 7527
7 19 7627
11 12 3864
5 16 6379
1 9 2808
17 20 28
17 20 5207
11 18 8150
2 3 1578
2 18 196
6 20 8764
6 19 3017
13 12 2372
13 5 5745
9 16 9317
6 12 1063
6 11 9481
14 19 1431
10 20 6774
1 6 1576
19 20 8697
9 10 2778
17 4 8728
17 8 5980
19 18 670
6 9 1566
8 2 1782
2 5 7494
13 6 5988
14 9 7182
2 12 6368
7 9 6393
11 3 2197
19 3 935
10 12 5808
5 7 9791
20 19 3866
2 10 2890
19 20 283
10 5 9691
9 17 8798
4 11 2
12 4 407
11 16 6071
10 3 4640
16 5 6175
6 7 4668
6 15 1940
9 6 279
7 9 8905
17 2 5601
2 5 834
20 17 8733
20 6 8195
6 15 8534
18 13 1757
6 12 5831
5 15 3180
13 19 7795
8 4 7837
13 19 505
3 2 369
20 5 3866
8 18 5531
12 10 3236
1 11 2037
1 18 6828
18 8 1837
9 2 8909
3 9 2602
13 9 2614
19 10 2308
16 13 7734
19 7 2251
19 15 7757
16 5 7864
12 7 9542
11 17 5660
18 2 495
18 13 7872
18 15 1305
18 7 5364
17 11 3537
7 13 6276
4 9 850
16 4 4751
13 4 9085
6 2 4829
16 17 4905
11 1 1605
15 3 8779
8 4 9500
8 16 9377
14 16 2763
15 7 2415
20 15 922
6 19 1101
15 6 2003
9 15 3934
14 3 1360
16 7 7209
3 18 331
19 6 738
12 6 8444
9 18 3761
17 10 3762
10 5 6001
8 15 8107
13 3 8986
17 11 168
6 5 5534
16 1 4578
11 12 9907
17 6 8360
13 15 698
4 2 4362
18 11 2085
1 11 9625
1 11 4608
20 14 675
16 13 293
17 15 7943
17 5 903
16 7 8973
16 8 8155
16 13 6355
12 20 5957
19 10 1616
6 18 1862
5 1 5826
4 3 6751
13 8 6369
3 16 9806
1 11 7660
5 17 323
4 16 7560
13 5 9496
18 20 232
13 3 1557
3 14 3548
16 9 5744
3 8 2005
15 12 9587
20 10 7820
11 14 3917
15 5 3048
9 4 7047
11 8 7939
15 12 1829
15 6 8185
20 1 9235
19 8 8757
16 4 9745
6 1 954
15 9 894
4 19 4262
9 12 1464
16 6 1440
19 9 4408
8 14 3705
3 15 6314
2 3 1210
11 20 8443
10 5 1433
4 18 403
16 11 1451
10 4 7464
18 7 7501
1 13 1344
15 6 9108
3 7 476
2 19 8470
13 9 411
5 13 1050
12 1 4690
12 10 6026
1 6 6278
19 2 6027
3 15 5703
6 15 9743
14 2 8903
14 16 6304
5 10 650
10 20 4589
10 6 177
2 17 6404
9 17 7048
4 15 8628
12 20 5106
12 8 4864
14 6 7775
4 6 4252
19 8 9746
20 7 7786
11 15 9396
4 1 617
12 7 4349
12 9 809
20 19 6574
14 4 198
19 18 8727
3 5 7868
9 6 3569
13 17 752
19 6 2648
17 10 8656
17 4 1013
15 13 1327
14 1 5275
3 14 1651
1 9 4225
4 9 2078
8 17 2022
6 10 337
8 7 2437
7 10 1228
3 5 2706
1 10 1741
20 4 5612
6 19 241
7 4 1926
20 8 574
5 17 2245
16 15 1697
14 13 6135
15 13 2902
12 18 1613
7 10 2768
20 13 2414
14 5 5681
5 3 3705
1 3 5372
18 11 5765
6 14 116
1 16 9711
16 6 8265
17 12 3812
2 6 9698
1 12 6061
3 12 4811
9 16 682
11 16 7711
2 19 7248
3 6 3021
3 19 40
1 6 5673
12 4 4808
16 1 2538
3 13 4583
19 6 9497
10 18 3771
2 20 1102
1 4 6
13 8 6290
14 2 588
2 7 1370
14 5 1561
20 16 986
7 13 6568
17 3 4678
20 15 1332
20 4 3752
17 3 951
19 9 5669
10 17 4974
9 7 1724
19 18 7446
14 5 2586
18 11 5588
9 6 3843
18 20 5683
12 11 7078
13 10 9073
4 6 2651
7 16 3530
5 11 2100
5 10 5740
19 10 3524
19 13 1536
1 5 39
6 12 1474
18 10 5208
12 20 7149
17 7 9650
13 1 3844
8 4 7212
16 6 2750
19 18 7336
9 10 915
1 11 7752
13 3 8523
3 6 2870
3 12 5210
6 18 116
4 18 5286
4 1 2494
20 18 7373
3 6 7316
6 9 1076
16 2 1654
11 17 2592
6 7 6101
6 13 6608
4 18 3504
18 12 4170
18 15 5913
1 18 7853
6 18 7323
9 17 3003
19 7 288
15 12 2571
20 19 3418
8 6 1195
12 15 1559
11 10 6718
4 3 8035
9 3 1796
5 20 7877
20 14 2634
13 18 9500
10 11 1986
15 17 1700
5 16 499
13 8 2753
17 14 3209
16 6 1102
15 6 4932
19 7 9241
1 15 4518
12 11 7960
5 9 7613
8 7 2075
19 10 938
1 16 7315
13 6 753
12 16 7707
1 15 9252
18 3 4993
13 20 400
3 9 2089
14 19 270
18 8 8597
15 4 8434
5 15 1739
19 7 8731
10 13 8958
5 1 1173
13 4 6170
16 4 7918
5 9 9733
20 13 1560
2 13 3804
2 6 429
2 18 726
3 12 4279
2 17 4256
15 8 6807
15 8 2620
6 4 9353
4 7 7775
11 3 1779
8 17 848
4 1 3736
8 1 8369
3 20 5802
11 14 1364
3 10 2000
1 10 6510
11 15 7367
3 19 3723
19 12 2860
18 2 7319
4 18 2061
11 18 2107
8 10 4764
4 5 6900
6 20 5993
7 8 6917
19 8 9018
15 10 4879
2 10 2346
7 2 3556
2 20 5966
8 20 720
20 2 525
19 10 134
15 14 8688
2 16 8219
3 10 8029
11 1 8840
15 8 4830
20 16 24
18 9 378
9 16 6117
19 2 8701
6 13 3201
6 5 3976
11 16 3151
19 18 6581
17 12 7874
11 17 9563
18 14 3343
2 19 5655
13 10 2076
16 9 7904
20 15 5498
2 9 9553
18 4 858
13 15 7359
4 5 661
17 4 9189
18 8 9737
8 11 7455
16 15 8379
7 19 182
13 11 1857
20 7 4554
8 16 2099
5 17 7727
5 8 2652
11 19 6196
12 1 9185
6 13 6800
7 8 3079
8 1 326
19 9 4208
4 15 6568
16 19 2858
18 10 1923
5 2 1822
10 18 8074
15 7 806
5 9 7104
8 15 2614
1 5 748
20 3 2297
14 2 7857
10 14 4453
14 16 9357
13 7 8148
7 4 1478
13 15 854
12 20 897
14 11 4223
3 17 8120
7 17 1655
15 5 652
6 5 48
20 11 2830
15 16 9571
7 6 5232
4 1 7174
3 15 7349
20 5 304
11 20 9880
12 14 4769
13 9 2647
8 1 2895
17 4 765
16 8 840
1 12 5645
7 15 8299
6 10 3956
16 7 2789
11 15 8703
19 3 189
19 15 8561
19 3 1299
13 8 2078
14 13 1011
13 7 2398
16 15 5755
12 18 8079
15 16 4141
13 18 696
13 14 2268
9 18 1578
4 8 1849
15 12 9419
11 8 7130
19 8 1696
8 19 8608
6 5 5028
5 2 9980
16 18 5468
16 14 8752
4 10 4961
6 15 6295
7 4 4607
19 14 1803
12 16 1355
8 10 9066
2 19 6349
7 6 6263
4 19 7904
2 8 9287
15 9 5522
10 12 4194
11 10 8893
16 6 6582
2 10 1137
3 8 8288
7 19 993
8 14 7086
5 16 7800
5 15 7133
8 20 7431
20 10 538
10 4 8663
12 10 5815
2 10 5596
1 5 9713
3 5 6220
14 3 455
6 17 1214
10 14 2233
13 11 198
19 2 4805
9 14 5045
14 13 7234
15 12 3753
11 15 4556
6 16 1275
4 18 8855
11 5 1697
20 12 4803
15 19 5337
1 7 8173
19 17 242
1 5 3921
7 2 5112
7 13 7735
6 11 2505
19 5 2226
19 13 7803
8 3 1362
20 12 4614
18 19 9004
15 4 8800
3 16 737
2 7 9955
20 17 4041
7 20 3037
5 10 3556
4 10 1918
2 10 7821
9 17 824
11 19 7718
3 18 7435
9 4 9242
2 19 4483
8 18 3991
17 14 6722
1 19 8501
2 15 8209
7 20 7377
8 18 1758
11 1 2752
5 20 3936
1 13 1062
13 1 1278
7 18 5102
7 9 4377
18 17 5202
15 5 8518
2 14 4545
14 10 8057
7 18 8133
6 14 2338
19 12 2331
11 6 3999
9 15 802
17 13 7454
6 1 5805
1 8 7136
6 16 2823
9 4 9197
2 4 368
18 19 517
1 16 1451
13 16 3468
16 10 1021
6 15 8718
14 4 260
8 15 6737
14 2 1124
8 16 9710
7 12 6124
10 5 4556
15 16 2654
15 1 5712
20 4 9911
19 12 1525
17 20 8372
15 3 5673
13 11 8322
11 6 3652
4 6 8588
3 16 2958
14 5 4962
15 3 9288
11 8 8023
9 12 315
16 1 8308
10 3 126
8 4 8680
7 6 1894
15 6 1021
10 20 8535
11 12 7630
1 2 6739
7 18 2159
2 10 7838
8 4 323
20 16 5660
16 10 7805
13 4 8646
13 14 972
5 1 7965
15 7 426
1 2 1279
8 12 4736
20 17 1790
16 4 8210
7 13 8884
12 3 9849
1 14 1616
5 7 2764
1 16 1123
10 17 8137
4 19 4938
11 10 4865
19 12 2959
4 9 6187
18 20 3225
15 9 8501
7 8 5579
11 19 8142
16 10 7604
8 20 5956
3 20 6371
3 8 4200
18 20 2943
3 1 5752
3 20 1021
12 15 2429
20 16 9031
20 17 2720
16 19 8904
11 7 206
16 11 7216
1 4 2220
8 18 70
4 16 4516
18 9 3137
1 5 8200
2 9 2508
14 13 2138
7 14 2976
15 5 404
2 6 3345
12 3 6222
4 18 6602
11 7 2515
16 10 2565
17 14 1541
18 12 5341
6 2 8746
9 19 920
20 12 3902
11 17 7381
2 6 9243
9 13 705
19 12 7343
3 14 8515
8 15 693
5 1 2448
20 7 7857
8 3 9757
13 2 7841
5 4 9635
14 6 777
17 18 2119
10 14 5646
14 7 3323
8 15 704
9 10 8161
9 16 5493
19 10 6611
6 3 6216
10 2 8561
14 3 9704
12 15 3282
19 16 827
11 16 1826
16 6 5854
14 5 3127
14 5 521
9 14 3604
2 11 7062
14 16 1834
15 16 849
17 20 6488
5 8 5908
4 7 4276
10 9 2119
15 16 459
19 16 1824
6 18 2301
6 17 7937
19 9 1919
20 10 3204
7 13 8710
12 20 2462
20 9 1709
17 1 7016
5 15 1892
11 6 4510
18 15 9203
12 19 6461
15 16 1278
8 4 7919
1 18 2269
5 19 8517
7 17 4474
4 14 602
9 2 7074
12 16 6742
20 14 6437
8 19 3965
11 10 4594
17 20 6591
19 3 5857
16 20 3883
17 8 5022
6 14 4793
4 14 2499
19 17 609
9 17 344
11 16 5586
18 20 204
6 8 8202
1 17 1803
3 8 3639
18 17 216
12 20 213
7 6 1901
13 16 6032
9 10 2469
9 14 6229
20 6 8900
17 16 1873
15 9 1205
19 1 6026
19 14 535
13 15 2526
5 2 2374
4 19 2351
12 1 8918
10 9 9982
14 5 1505
20 14 517
9 10 6107
16 15 1252
8 18 2898
18 17 7341
7 13 1
5 7 5226
14 5 8199
17 4 395
20 3 5125
17 3 8831
15 18 7980
17 2 1146
8 4 5196
14 1 7219
14 11 8837
14 17 1451
18 6 1413
17 9 9728
16 9 6982
10 14 3732
20 13 1396
4 10 1267
9 5 9674
6 15 8128
9 10 1827
17 20 6078
3 16 5008
16 1 4967
17 9 19
3 13 9104
17 14 3767
10 11 1988
3 9 3648
6 9 2193
3 14 1557
1 18 8943
16 18 9936
10 2 6230
3 8 5581
6 18 2454
7 8 5931
9 5 7188
9 19 8931
4 11 1643
5 10 964
7 6 1041
11 16 9862
12 16 1504
9 2 1935
16 2 9379
9 11 7994
10 20 1063
14 11 1274
19 9 1746
17 5 2842
13 17 2060
8 19 7867
9 15 1138
12 10 9193
14 8 318
6 19 9226
6 17 7148
1 18 2525
18 9 9728
3 6 1730
12 3 1972
7 19 5475
10 15 3867
2 20 5195
15 3 7984
15 5 1066
9 19 3672
5 11 389
2 20 6348
1 12 6005
1 10 9411
8 15 3978
4 3 4196
13 20 9601
4 18 8901
20 12 1575
19 4 1404
12 2 4566
4 2 646
1 5 1412
4 12 5153
5 13 9317
1 15 557
16 9 732
9 6 7249
15 16 1935
13 9 3927
10 6 4588
3 5 6520
3 11 4185
4 11 9334
10 11 3438
13 6 1309
7 1 1406
2 14 7676
6 3 5896
1 6 6237
20 5 5621
7 14 5768
13 17 4720
13 14 4695
4 17 2580
6 10 32
15 1 1970
9 14 1864
16 3 6692
4 8 2667
1 3 1667
8 20 7420
10 17 4529
19 6 8343
5 9 9653
8 15 2962
13 16 3000
8 19 442
1 6 9148
13 4 1684
10 15 3128
6 10 9231
12 4 8505
18 13 3894
17 5 5871
3 13 8220
17 18 4371
10 20 178
9 7 4947
14 2 2934
20 2 7223
5 16 7841
19 20 2693
15 10 9261
9 11 4538
15 13 8114
14 13 3670
3 12 6449
20 19 1311
9 12 1822
7 17 9387
18 9 3987
13 7 4146
11 14 2849
20 7 4802
4 15 8766
4 18 165
3 6 6259
6 19 9085
16 10 5192
17 3 6975
7 19 1109
17 12 7229
17 8 8896
14 17 5190
16 11 3679
9 20 5601
6 4 9970
3 12 1756
5 2 6565
12 20 3311
9 1 8207
17 7 1785
4 9 428
16 13 1526
6 17 3849
12 3 1803
8 15 4348
11 1 8307
17 7 1411
3 20 4027
5 18 406
7 5 7537
20 10 790
15 5 9058
6 18 1832
19 4 5062
1 12 487
15 13 427
18 2 9086
12 4 3979
19 6 1143
10 15 4553
17 15 5547
3 16 3292
11 8 1291
5 10 6779
12 17 6089
16 11 7392
8 11 302
7 14 2574
7 16 5582
10 7 586
16 7 3197
8 1 3356
4 20 44
16 20 8514
13 9 8218
19 17 220
2 19 2718
19 1 3658
17 4 3330
17 11 31
19 14 5908
20 17 2110
13 2 3056
13 5 1659
4 19 9515
14 12 8850
18 1 7783
8 20 6070
5 11 507
8 10 4858
14 17 1871
19 4 4728
16 8 6664
3 14 6554
15 6 8558
3 12 4524
20 4 194
9 18 584
11 1 8149
20 7 3561
15 20 7810
4 15 2016
14 2 9198
20 8 3531
8 9 692
19 6 781
18 13 1081
17 4 8022
6 5 5074
20 11 735
17 15 2311
20 11 1970
10 15 1486
8 19 9591
15 8 4953
12 9 2003
19 1 6317
14 19 196
12 8 1498
16 8 8445
10 7 7047
6 11 4412
18 15 3018
4 20 1975
11 5 2430
15 18 7262
10 17 6045
20 10 6622
4 20 4523
10 17 5975
5 15 7604
5 1 150
3 20 3533
14 13 1618
15 14 4948
2 20 3340
20 6 7460
13 5 357
3 19 7680
4 10 3204
10 6 5263
5 12 7544
1 15 2242
11 13 1333
13 10 2314
7 17 4006
11 20 9533
3 17 4704
11 19 7404
11 19 9600
3 7 9097
20 17 1772
16 19 177
3 8 877
15 17 7166
16 3 8014
7 8 6034
1 2 9357
10 6 954
13 3 3630
7 19 3335
1 12 6567
14 5 221
18 14 4649
5 17 832
17 7 785
12 17 8485
9 10 3117
1 12 8833
3 19 1185
20 9 5690
16 3 8368
10 9 3919
17 11 3
1 7 9548
14 20 4833
6 13 648
14 10 5931
18 2 1820
12 18 6227
2 10 3480
9 6 4041
9 16 7072
11 18 1880
9 4 825
6 10 2550
5 20 4141
8 12 7412
19 10 1113
5 16 8011
7 14 5710
4 1 4612
13 14 1108
2 14 1895
2 14 4551
17 12 3415
6 15 6282
14 8 180
2 5 220
5 10 2598
8 2 1570
3 19 404
1 14 1723
6 3 9376
1 17 6531
17 15 9245
9 10 477
8 15 258
7 9 8020
2 18 3201
5 17 9309
13 11 1450
10 1 917
3 5 9746
18 1 2248
6 13 6205
16 4 9229
11 3 2230
15 17 1750
3 14 6167
9 20 3829
12 16 6262
18 11 2920
13 11 6882
11 16 5125
19 20 6221
1 14 8883
18 2 6842
3 8 8622
15 1 7454
8 7 2396
13 2 2368
1 7 152
6 13 1142
4 5 1428
7 16 3244
16 6 6861
7 11 1220
17 3 9158
10 12 8200
14 19 1350
11 15 4965
16 13 1647
4 19 5578
8 12 5685
6 5 6932
19 17 8285
10 2 3841
7 17 7411
17 4 4576
8 13 1748
7 20 2587
15 18 2386
16 17 8469
12 6 3521
17 2 3694
3 16 3005
5 4 3821
10 13 731
11 20 4602
5 1 7974
3 12 9683
7 1 1272
19 20 3756
5 15 719
13 17 7085
1 7 4449
4 16 2960
17 13 3275
15 13 1318
16 20 1965
10 8 7031
4 12 4630
5 17 6486
8 14 9640
15 20 7205
16 3 385
17 16 1588
15 7 7850
12 6 992
7 3 1324
16 15 9807
5 14 8597
8 9 9671
7 3 4384
4 3 2644
11 2 3072
18 9 2041
18 2 3427
19 5 3623
1 6 942
5 9 77
12 15 2679
8 1 6791
13 15 1318
18 15 5969
10 3 3929
1 17 9768
4 8 1316
2 7 5424
5 8 3031
13 17 9227
17 3 7420
4 14 5047
4 18 9399
13 16 6558
3 17 3663
4 1 1549
2 5 5929
2 10 801
19 18 1446
8 17 3335
7 17 2433
15 12 7128
13 10 4109
18 13 1820
6 13 6632
17 14 648
9 1 6614
3 9 4372
14 1 8313
11 9 4421
13 5 8919
14 12 7023
12 18 1574
18 6 1431
2 12 1449
15 20 1729
4 20 1704
13 6 7584
14 11 7592
10 3 9661
17 1 8200
13 11 8340
14 8 790
16 11 455
2 12 2843
3 7 1978
8 3 1508
4 18 6097
11 20 4981
8 14 4360
7 16 4629
18 17 9246
14 7 3775
15 1 3042
11 9 8733
7 18 990
3 4 1941
9 2 5049
1 7 9414
15 6 927
5 10 5253
1 7 2615
4 11 2096
7 2 4579
3 10 1015
15 5 974
5 7 2300
16 4 1635
2 7 2031
17 1 9390
11 19 7995
20 7 5076
5 2 6097
19 4 6757
12 8 5032
17 11 8744
5 9 7028
11 18 2124
13 12 4932
11 15 3863
11 5 6570
6 2 1893
17 5 1975
1 4 5914
17 3 2154
13 5 9372
14 16 5059
1 18 7882
7 16 2439
20 13 1256
18 13 4418
6 3 3829
14 11 9539
20 16 1483
16 8 7149
6 17 7001
6 14 1186
3 10 9117
11 13 5131
19 14 4681
20 5 2426
20 19 9247
13 3 1205
3 17 5442
14 15 2714
4 17 9241
7 16 5424
14 19 4350
10 20 550
9 1 1087
7 2 7894
16 14 7368
8 13 3145
12 13 6720
16 9 8840
10 1 7055
17 12 4322
16 2 9368
9 6 7717
19 20 7097
16 2 15
15 11 8291
6 19 4672
17 11 6572
4 10 6697
4 1 9717
11 3 7573
4 3 709
9 3 9462
7 9 4865
2 10 8402
4 5 3216
19 6 3135
13 16 4101
9 6 3848
8 1 9283
18 12 1398
20 13 9026
12 14 7497
19 1 3523
11 12 2785
17 20 6312
13 3 1046
5 10 6572
8 17 5794
1 10 1614
10 4 5902
4 11 1158
16 18 1892
3 11 4768
8 16 3916
19 20 3314
15 17 3765
4 8 2075
11 20 2519
1 4 7246
18 17 3358
18 6 7374
18 9 5125
1 7 1641
20 9 4742
12 9 7151
20 10 610
1 5 9450
7 1 7930
19 3 3809
1 7 4994
13 10 8635
7 14 8854
12 20 2276
8 2 995
14 4 235
7 10 9602
16 2 3224
19 14 4026
19 3 161
4 6 1405
2 15 3416
3 16 1528
18 10 6364
1 15 8296
8 5 7772
3 10 6463
5 4 2212
13 7 129
13 11 9132
8 13 4331
9 14 9549
20 1 7842
15 11 8652
13 9 3627
12 2 2794
4 16 3132
20 4 7383
10 5 1729
10 9 2184
6 17 1424
6 17 2501
11 19 9425
12 2 470
16 15 8294
8 12 2334
2 17 573
9 16 9713
18 14 3697
19 9 8363
6 8 5027
6 1 7966
20 2 3671
5 18 1527
19 6 6665
9 3 5282
14 9 6222
17 16 461
10 7 7784
9 6 9151
10 5 690
10 13 3920
13 3 9083
10 20 7233
13 3 4618
7 1 8112
8 19 9912
13 17 120
7 11 9276
10 20 2874
13 20 3982
11 1 7544
6 8 1710
15 7 2528
18 17 2449
9 7 2447
8 7 3407
6 10 9355
5 19 2946
15 4 8486
14 4 662
19 13 5789
15 4 338
14 3 4315
20 8 1210
3 6 6256
5 14 7446
5 19 4386
13 6 4738
6 2 8200
13 12 7699
11 13 5367
10 20 344
6 5 5855
2 19 905
12 7 9363
12 6 2380
2 12 8930
9 5 1350
15 18 1764
14 19 5551
18 13 6740
2 16 9189
10 19 964
15 10 7922
8 3 7759
10 17 5017
10 4 8387
5 3 7720
18 17 1453
5 3 5858
16 5 4461
12 5 6961
5 10 4469
5 12 5226
6 20 7968
16 18 5335
18 1 7041
4 14 3593
9 17 5787
17 4 4889
13 7 5575
2 4 6019
16 15 9368
7 16 4532
1 17 2934
4 7 2575
10 7 166
4 3 7812
6 17 1124
7 15 9818
12 19 4347
14 7 378
8 4 582
6 3 8092
15 8 7897
13 19 3357
14 9 1409
16 19 2298
19 15 768
1 9 1382
5 8 3952
18 8 8588
17 8 5028
9 3 6391
20 10 7478
4 16 335
9 4 9663
12 5 9805
12 15 2198
13 6 7358
11 6 6826
15 13 6054
12 3 7665
5 20 6828
19 13 6183
3 1 964
16 14 3439
17 20 8790
10 16 6642
19 17 1363
15 18 4593
13 20 3447
15 13 7000
13 19 1736
1 15 4997
2 3 8252
7 18 343
13 19 4747
12 1 7130
9 3 8106
8 18 7938
18 10 8393
10 5 7363
13 2 7082
6 9 7698
14 12 2642
2 3 9272
2 3 4603
12 11 2108
10 1 504
9 2 739
7 3 9087
5 3 5026
2 5 3918
19 18 9967
5 3 338
18 7 1056
18 20 5816
20 8 6463
7 3 280
4 2 9360
11 3 1879
20 9 8403
14 3 2009
19 10 4475
17 2 858
14 5 2170
9 18 1123
18 7 1141
13 16 1898
11 2 557
12 8 2316
17 19 3307
11 20 994
20 8 6460
15 3 644
3 1 1611
10 15 3744
10 15 2837
19 7 341
15 5 7654
13 17 1904
3 1 4590
13 1 6056
2 8 4144
16 2 4835
13 10 3132
20 13 9688
1 16 8685
4 12 6241
4 6 5220
20 13 7272
8 11 1050
5 2 6177
6 11 2209
7 15 1362
15 13 8943
7 15 9910
16 14 1862
13 9 3122
5 8 836
14 2 8541
5 13 7350
2 8 2
10 5 1521
2 1 9733
18 6 4945
3 10 1703
10 4 9593
7 3 7934
14 5 8359
9 6 6424
20 2 2623
9 14 3063
2 17 8290
3 9 5539
8 12 5674
6 1 5038
11 13 1172
5 12 1683
14 5 1768
8 18 1961
1 14 9877
18 2 7339
10 8 8454
18 2 6696
19 16 1586
13 9 4897
18 6 8963
11 5 4474
18 2 7279
16 4 1903
20 19 3281
12 4 3001
3 13 2794
19 3 2315
1 2 66
10 12 954
16 14 7117
15 12 8477
1 12 880
12 14 786
6 15 2770
10 2 1046
13 10 8574
14 17 8278
16 15 8988
17 19 4110
1 5 968
18 7 4167
10 15 1698
4 12 9904
15 13 4270
13 18 5552
3 11 3805
11 10 67
4 16 158
10 18 8405
5 15 6129
18 7 1063
10 13 5490
12 3 432
4 2 3342
6 19 536
1 3 9356
11 7 3284
12 19 995
10 20 1885
14 12 805
4 2 7834
2 7 50
8 20 838
10 8 9862
16 2 4315
15 18 4061
3 17 4793
6 7 490
5 14 7453
11 8 3589
19 14 5946
4 13 2792
18 14 7417
15 12 229
4 12 7117
15 9 3037
4 18 8663
5 6 9501
16 4 8809
16 7 328
20 6 2053
8 2 1552
19 16 9812
1 15 9625
20 4 1414
2 7 4462
5 7 1661
1 18 1242
8 12 60
4 6 703
10 9 1403
5 17 749
2 4 3321
16 6 2353
1 17 1937
16 20 1275
3 18 3517
3 13 512
13 18 682
10 12 2739
7 17 2479
9 16 6099
9 10 1707
3 9 1296
16 11 7406
2 5 7244
19 1 2320
17 9 3104
15 16 4998
12 20 4062
4 8 3629
20 18 364
7 11 8376
14 11 5879
7 20 4869
16 15 5584
19 18 5184
17 19 1527
17 9 5704
10 3 5017
20 5 589
10 7 3332
9 12 2135
7 12 5427
14 6 631
2 1 271
19 11 6918
4 10 7824
20 17 9234
15 6 3744
14 2 1337
7 19 1032
18 6 1116
10 20 1452
8 5 1251
4 10 8703
12 14 7195
20 3 9376
5 7 2387
11 19 5566
1 5 272
3 14 6390
11 14 2449
2 6 4660
8 16 3643
7 4 1407
12 11 5603
8 18 5205
15 5 928
11 8 1932
5 15 9138
3 11 1423
10 7 165
9 4 3616
7 16 8810
6 10 8709
7 13 6776
5 11 1781
8 13 3891
9 16 7410
19 12 3283
11 16 2007
5 6 5419
5 13 4683
18 10 7801
8 20 9625
3 19 2426
5 6 2374
9 10 7765
19 12 2642
16 9 2152
5 6 8341
12 5 2346
4 20 3781
2 1 6217
1 3 2678
19 8 224
18 5 8569
19 17 1604
4 5 4056
15 11 4846
10 2 5250
12 3 7798
11 19 119
19 2 8997
14 11 7006
18 7 8714
16 14 7610
11 20 2682
2 6 5797
5 15 5642
17 4 9243
20 9 9624
10 17 4273
18 4 8517
7 15 2614
8 12 549
9 2 6747
6 14 8081
3 12 4149
2 7 452
17 8 2472
6 15 1332
18 1 1850
9 18 5963
3 5 2196
12 20 4333
19 20 3694
6 13 9734
16 9 4013
19 18 7753
17 2 6954
14 13 4572
15 19 7169
15 11 691
15 19 563
17 14 8358
7 19 9180
12 18 503
14 8 8272
2 4 7639
5 19 995
7 8 7727
15 2 8553
15 2 6656
1 18 139
12 10 5794
1 15 1592
5 18 6766
9 7 2126
18 7 571
12 20 723
13 7 2728
11 6 571
12 13 8396
5 14 7945
7 17 874
12 14 9149
15 19 1138
5 12 2458
17 14 9764
14 2 749
1 15 1911
7 14 4206
3 19 9079
20 1 5643
17 15 3536
9 5 7746
1 17 8890
2 10 1917
5 18 8909
5 16 7193
9 11 4263
11 13 7103
11 5 2413
11 14 610
17 19 2172
14 8 3294
13 10 5248
19 6 9567
6 8 4233
1 9 5280
13 9 2576
2 6 4170
16 12 2681
6 10 561
6 20 3693
2 15 737
12 19 6808
10 7 309
18 3 3967
2 8 2669
14 5 2281
19 4 1237
12 15 6550
16 17 3980
12 16 5517
2 15 655
17 19 1602
4 3 2481
20 12 8216
19 3 9379
17 8 977
19 18 7752
5 2 8000
9 6 9127
17 1 9383
7 19 8819
6 11 6207
20 4 1586
16 7 7259
10 7 5046
9 7 9519
3 17 5521
16 11 2860
5 8 3656
5 15 4658
9 8 4462
19 14 2999
1 9 4777
18 5 2049
4 17 1659
16 8 1191
19 18 9806
1 13 3192
11 8 1531
2 1 3791
11 18 220
5 15 8334
6 13 7074
20 11 8198
4 13 4935
9 5 8537
13 1 124
11 12 7624
8 5 5225
10 8 796
16 13 6533
9 20 1918
13 12 701
16 13 1075
14 7 5556
16 10 4620
5 10 9481
7 14 7693
9 14 9410
13 6 9188
12 3 3889
15 5 513
7 6 1520
11 14 1109
20 18 4380
7 10 2594
16 15 6927
18 5 6866
20 7 9296
20 13 2006
14 4 2350
13 14 2757
4 8 6271
6 15 3298
5 20 9476
7 4 6525
14 13 3373
5 2 4678
14 16 6900
20 5 5946
6 5 895
5 14 6923
5 17 9654
11 7 8775
5 1 7709
2 20 7084
17 6 2221
6 14 9116
4 5 9758
5 16 2620
8 2 9716
12 17 1520
7 2 3200
17 4 4395
19 3 62
13 12 1280
16 18 7320
1 20 1274
11 15 5045
18 12 1755
13 1 4494
16 8 7390
3 14 7746
20 4 7758
3 1 5705
8 5 6802
3 20 4909
13 19 8784
14 13 9324
6 2 4098
12 2 6743
4 3 3489
17 6 8145
12 5 3317
1 6 7349
11 10 8111
4 13 7573
7 9 5020
11 10 8111
11 20 713
16 11 9683
13 2 1545
16 15 4009
20 16 3480
6 7 6052
6 19 3057
5 6 112
1 6 6459
2 13 3270
15 14 5045
12 4 8840
17 20 8562
9 11 8236
20 14 2014
19 4 3542
20 12 2878
5 20 5270
3 13 2055
3 14 57
16 3 2727
13 15 5538
4 9 8560
4 9 1373
15 7 2302
17 5 1442
2 20 8208
6 2 9170
16 2 3684
11 3 2463
14 18 4458
11 14 1210
4 1 8091
18 14 4030
8 6 3796
6 11 689
16 10 5916
2 16 1616
3 20 7348
8 15 7585
12 18 4489
4 7 2544
9 18 7453
1 6 8726
18 10 9812
4 11 3208
17 12 2232
10 17 6446
7 16 1199
1 9 7348
11 4 7766
5 17 2117
10 17 4454
20 1 2091
2 14 3222
4 1 111
19 1 9290
4 12 954
17 13 8994
10 12 5382
6 7 3248
5 11 7155
8 11 9375
18 10 4406
9 18 569
14 19 3637
12 2 2565
14 17 1414
10 19 2131
11 17 6556
20 15 5708
8 10 3513
8 16 3377
7 16 8460
18 2 984
2 17 4022
12 16 7863
3 17 5306
10 18 7222
15 9 4676
19 20 2921
20 6 1243
8 19 3064
16 12 1577
19 14 8260
9 15 3152
17 2 1501
5 7 5700
18 9 8029
12 13 2081
14 12 485
10 5 6056
1 12 6536
2 5 4200
13 5 308
16 9 8475
18 15 300
13 16 6273
9 18 149
15 9 3808
7 10 9110
6 18 3616
2 17 2065
12 18 4049
15 11 3964
14 4 195
14 8 2768
19 16 7248
14 7 7059
17 16 953
3 16 9965
7 3 2348
7 13 9081
18 16 1941
15 10 1785
6 10 2198
14 8 4017
5 4 1867
6 7 9055
12 15 5370
6 20 7706
2 4 4699
7 9 9452
5 10 2071
11 14 9533
4 16 8307
8 1 2596
2 15 3491
8 2 2738
14 16 9529
10 19 1253
10 4 352
17 2 7775
4 17 6984
19 5 8507
1 17 5402
15 17 9774
16 7 5272
4 5 1402
11 2 8786
2 12 1819
7 5 40
15 12 1974
16 1 8035
8 7 2128
1 20 8778
13 5 7695
4 12 2477
16 19 5999
18 8 8024
1 6 469
17 6 1578
12 4 3546
13 7 8151
3 18 2083
14 11 2121
2 1 9178
1 7 7938
20 17 1641
3 12 6835
17 16 7215
20 7 690
5 11 6512
3 6 4968
6 14 7258
20 17 8409
9 13 998
12 11 2172
16 12 5311
11 5 2474
15 10 2334
16 3 789
16 18 3731
3 9 5734
6 8 2751
3 12 2030
14 8 5611
10 12 6145
14 18 4828
17 10 6385
2 7 4411
18 17 7085
5 6 6237
20 10 628
2 6 7124
17 7 9124
14 8 7772
15 9 4948
17 4 1472
7 1 1186
6 8 935
15 19 5958
17 14 6996
14 10 8651
3 19 366
11 3 2244
15 9 8043
10 3 729
17 14 7263
20 17 1645
18 14 9213
3 17 196
13 18 8151
13 3 1406
5 13 7540
5 10 2759
17 9 2827
9 16 9543
8 15 1148
6 5 3954
18 2 952
13 5 2154
16 19 1123
7 1 5298
12 7 8782
12 9 1747
11 20 5925
1 9 5939
9 13 3322
11 2 9560
13 19 5571
17 6 5033
10 20 5390
9 3 6984
18 2 1576
2 8 62
4 10 9805
5 18 2372
5 2 1431
7 8 2349
15 8 1610
8 12 5643
17 5 5961
6 10 640
10 2 3969
9 7 7417
9 8 630
20 8 6951
13 18 5590
15 20 7394
4 7 8979
2 19 25
10 18 4518
14 12 8613
8 16 3616
3 7 2754
15 13 9214
8 12 7549
9 20 1294
18 20 2369
11 4 8535
2 1 6189
19 8 8572
15 3 3719
12 10 1274
7 13 1889
5 7 22
15 9 2053
3 16 368
19 7 9696
6 10 9218
16 8 5190
1 14 7562
11 20 110
13 16 8426
12 7 1455
16 8 838
4 18 7964
3 17 91
17 20 3169
20 8 7168
20 6 8485
5 2 7728
5 1 8391
13 1 181
7 12 1551
19 9 8021
1 20 4641
16 3 2810
6 4 9696
18 17 2235
4 12 9536
20 8 3869
6 17 8094
14 20 1032
7 19 314
11 6 4827
19 14 102
5 4 1786
4 10 7239
14 8 3469
8 4 4648
18 12 674
18 10 9838
16 1 9508
9 8 9901
2 14 9617
14 8 4351
16 19 8092
16 19 2987
10 5 5308
7 6 6001
15 6 1932
13 11 3006
15 8 7758
11 14 1869
14 17 327
10 14 9201
8 12 4094
15 2 6222
10 7 8880
2 13 2029
9 10 2764
7 5 3048
8 17 4845
16 10 4102
13 9 354
10 2 9734
10 2 2593
6 8 3380
18 2 137
3 15 4951
11 5 5635
19 9 3007
14 15 1193
8 20 1275
7 18 5890
13 4 8478
8 2 1062
10 4 2393
6 20 3390
5 9 2496
8 3 9671
14 3 6964
13 2 767
9 15 6700
17 11 9189
7 17 6655
1 7 5752
9 15 9314
10 18 2807
10 18 9671
10 1 1894
14 20 2055
11 7 7400
6 19 7567
12 16 3545
17 19 6694
4 16 8590
11 6 2456
2 12 4031
13 14 3217
12 20 8650
7 6 1023
17 1 3859
12 4 2915
15 19 6896
15 14 1057
3 4 8677
4 9 4291
5 3 537
9 4 3987
13 5 1620
7 11 202
10 4 5894
8 5 1406
14 15 9330
2 6 5487
2 20 8775
8 7 6791
19 15 4898
17 11 7428
2 10 3162
13 16 1288
4 18 3580
2 14 1214
11 17 4751
3 19 9438
1 12 5489
2 12 4522
1 2 7906
13 7 7263
4 5 392
12 15 5137
15 13 7771
6 9 3860
8 10 5931
14 6 171
18 9 2650
11 15 3787
13 2 3536
13 9 5154
2 9 486
17 3 4380
13 5 9688
7 11 4502
14 5 459
12 2 637
7 13 4206
9 8 2351
14 6 4034
4 1 6129
14 4 9478
4 16 8427
1 20 867
11 6 5833
4 8 4922
14 16 4842
7 11 1465
11 1 6320
3 18 5090
16 1 3347
13 10 9367
15 13 1299
18 16 8611
8 19 1481
14 18 8973
5 15 6085
14 4 5834
3 10 139
18 7 1398
16 20 3909
2 17 4841
8 2 7673
16 12 1065
16 19 8488
3 6 8100
15 18 6827
6 5 5059
4 14 9083
9 12 2186
16 4 467
4 1 4806
10 17 4240
15 9 8985
20 17 1668
14 11 6679
2 13 9737
14 20 7200
3 10 2659
8 6 1981
6 10 7675
4 12 316
10 8 5989
20 6 5407
17 15 479
11 9 2772
9 5 1027
9 8 5185
17 13 4823
18 5 5302
9 20 2444
13 14 1885
14 12 5078
17 12 7691
11 3 6605
18 8 1081
2 14 6770
11 14 2686
10 11 7060
20 15 4085
10 8 6026
7 17 4716
3 12 2342
13 1 1816
4 3 2452
1 7 5907
19 12 841
11 13 2965
4 2 4945
6 4 2223
9 10 8528
2 11 2728
2 15 775
16 4 3397
20 9 9394
15 6 6057
7 15 1146
12 9 7286
9 7 9948
2 17 3765
12 11 9643
1 8 8868
7 15 6792
4 17 1708
17 4 5265
4 7 7689
3 15 115
3 18 2246
14 16 7041
2 16 753
10 5 1125
16 19 6468
10 5 5411
9 3 4286
2 10 403
9 19 7013
15 19 5653
17 16 335
7 1 4091
3 13 3260
14 11 9472
16 17 9892
17 3 1491
11 17 8495
2 13 4847
5 11 641
2 1 1213
16 20 8483
19 16 5484
17 6 6640
8 15 7214
15 10 6119
12 3 1915
17 13 5527
17 2 6894
19 9 9363
17 8 9259
12 5 1578
11 5 3302
14 1 7159
10 17 8608
6 20 7209
18 15 9373
18 4 5451
8 3 8374
1 17 9454
5 4 4157
10 7 924
15 12 8315
3 15 3640
1 7 8932
4 8 8703
15 9 1982
10 6 241
4 7 7537
13 12 7565
20 12 7999
4 20 9151
14 20 4139
2 14 7150
6 15 1250
13 5 7406
2 3 6386
17 6 4456
9 5 1381
2 12 3340
14 10 4057
20 14 4346
4 11 1187
11 19 8757
3 12 4716
5 13 438
5 13 6213
12 4 1282
6 4 2045
15 13 3192
13 1 598
17 3 8231
9 19 9548
14 9 8139
15 13 8450
18 17 9460
18 10 901
2 1 9184
15 8 6117
3 13 3736
1 2 4826
5 14 9470
9 13 4471
1 9 7366
3 17 3325
11 2 3200
4 19 1329
10 16 7518
5 9 6486
19 16 9621
4 14 1154
16 2 843
7 16 9782
19 6 5767
17 13 2798
5 17 2535
14 12 5522
1 10 8136
1 6 8939
10 6 8475
4 15 1324
1 11 6432
9 19 4510
12 16 2347
11 20 2707
7 16 7495
12 3 195
14 11 2257
13 9 2393
10 12 2591
3 9 731
5 9 2994
3 13 6255
19 5 5987
14 1 642
10 14 6052
9 13 3148
1 16 5575
17 16 862
4 9 4602
11 10 8530
9 16 7887
13 9 4308
13 9 885
3 9 3217
2 7 9609
8 7 220
2 16 4747
3 6 675
17 8 8018
19 10 9793
12 19 2801
1 19 4237
13 18 6199
18 10 9237
12 14 6694
18 15 2038
12 8 9733
7 10 772
17 14 3517
9 6 9168
4 5 2344
13 8 2669
11 3 5159
7 14 9912
11 20 1961
6 16 9639
16 7 1406
13 5 9498
16 6 4851
12 14 2694
8 19 7375
17 6 4867
9 19 5800
14 9 9164
10 13 5561
8 2 2244
18 5 3692
1 15 5740
19 14 6797
16 14 2605
15 4 6166
1 8 2004
2 12 2804
10 18 600
20 10 8477
10 2 3521
1 14 5896
10 11 4467
7 5 5806
3 9 2936
16 13 479
2 12 2096
19 2 4420
16 15 4105
4 12 7311
20 13 1268
17 3 4843
6 5 8421
20 5 3980
20 14 745
7 3 7047
1 4 327
9 17 4620
14 13 8084
17 10 8079
4 17 137
18 4 8087
19 10 6428
4 17 1121
16 11 7967
18 5 5344
2 14 2924
3 12 7831
18 13 4782
6 20 9334
17 7 2536
16 8 6775
10 2 7856
15 16 8217
9 11 180
14 8 766
3 5 2040
16 17 2253
6 1 267
7 19 2434
18 14 234
3 1 7384
5 14 2586
4 3 7272
13 17 7240
11 14 4402
18 8 8682
14 19 3298
11 10 907
7 15 1932
19 13 2838
14 10 7443
11 7 9983
1 7 3337
10 13 112
4 7 6387
10 16 9525
15 16 9273
12 4 2606
20 1 388
6 10 804
12 9 3360
8 6 5397
13 11 6413
5 8 4790
4 20 2620
13 1 8489
17 3 6254
14 6 942
4 15 1740
1 11 3753
18 9 7016
11 3 9528
16 7 5150
12 5 8633
15 14 7159
1 19 858
7 11 3488
20 8 8648
12 18 152
20 6 1937
9 16 4613
11 7 5745
2 12 3265
4 1 3446
20 13 1846
16 14 1433
9 16 9169
13 18 4063
6 14 9871
14 17 5422
3 10 6958
4 16 2945
18 3 7766
13 6 3378
19 11 138
6 15 4057
14 20 4447
4 16 3189
11 17 6984
17 20 2704
5 18 2377
5 16 5231
15 10 1928
4 7 375
19 2 6283
2 13 4504
9 5 3743
10 8 8838
19 13 1283
12 10 6535
3 19 8237
8 12 1886
4 17 6534
7 12 8800
12 11 19
17 9 522
17 15 5662
17 9 6077
12 9 4733
10 14 4871
6 11 7930
11 15 1805
1 14 1279
11 16 4791
1 9 5796
15 16 1661
20 7 9427
8 14 7782
6 17 3906
4 18 741
6 14 2194
10 7 9595
18 6 3056
15 20 1030
17 2 9825
12 17 8114
17 12 9068
17 18 1154
3 13 9934
20 8 6249
11 9 130
13 14 2795
5 20 5275
5 2 6393
8 12 3161
3 12 8080
2 14 3259
1 18 39
11 18 5966
2 12 612
5 17 27
15 6 8491
19 2 832
6 10 6624
17 6 4627
12 9 5328
16 13 2491
5 13 8460
16 19 2077
10 15 8428
9 12 393
8 7 2394
18 1 245
12 19 9889
6 19 2214
13 12 9619
15 19 578
15 12 8261
16 10 5171
3 17 8565
7 4 6980
1 4 974
18 2 6527
8 3 140
4 17 1183
13 10 3537
11 15 3232
9 20 5135
10 4 6760
6 12 3996
10 3 3640
11 2 4942
6 2 573
1 6 8758
2 9 7887
6 7 7055
10 19 8713
6 14 9860
7 18 8216
12 1 4986
5 17 2032
15 3 9959
15 17 8
18 7 6299
5 6 7958
6 3 9886
7 19 3262
3 1 7238
12 2 2480
9 4 4121
20 16 1998
2 17 873
6 16 6095
12 10 5714
15 1 7273
17 2 8364
14 13 1544
13 2 7771
11 12 8529
18 13 5759
5 4 2116
8 4 1178
1 12 1371
2 10 3297
4 19 5752
14 6 5874
11 7 6325
16 9 8034
5 15 5179
14 19 77
8 4 31
6 15 7924
9 4 837
18 12 943
15 14 6681
11 7 2335
14 6 1860
6 14 8990
17 5 1344
8 14 5149
2 17 3165
17 10 6797
18 10 3562
7 14 4562
5 12 7444
15 12 8000
14 20 1789
13 11 2027
14 1 7693
1 10 6766
4 10 6181
11 15 3159
4 18 6319
17 6 9408
6 11 5241
17 15 4451
14 17 9179
6 12 185
5 6 7576
18 4 8183
20 7 7557
18 16 5684
16 5 6731
12 18 5472
6 14 2962
14 9 6030
14 7 9668
13 15 1124
13 11 7275
16 17 4065
12 1 5274
13 10 9513
6 2 9410
11 8 7219
11 6 3305
14 17 3918
4 1 4049
17 11 4178
12 2 5073
20 7 2738
8 18 9852
18 17 813
6 12 8555
3 14 7249
17 11 9879
2 12 2081
20 6 261
12 9 7676
20 9 5800
5 3 8001
9 11 5042
5 11 779
18 17 7048
12 2 6887
10 2 748
18 8 9566
17 19 7637
14 4 5746
7 8 6104
12 7 2486
12 7 1067
16 11 8431
15 9 129
12 8 831
8 11 7278
13 18 4630
1 10 9710
18 7 8384
12 11 2267
18 11 1911
13 5 1381
11 8 4965
13 2 3232
4 1 4518
2 19 1749
20 5 4347
12 11 490
6 11 1588
6 18 286
12 14 5614
12 19 2878
8 14 4655
18 9 2356
20 3 5647
10 3 7258
4 16 4957
15 20 4021
5 15 7193
13 8 1149
9 2 3620
10 7 1863
3 7 2054
8 14 268
9 18 3688
2 4 9797
4 14 314
19 8 9538
17 20 6260
12 15 8402
9 3 268
20 11 1865
19 10 78
10 9 7667
10 20 2595
3 9 3762
8 17 4105
14 16 803
15 18 5506
5 4 2959
13 1 614
17 8 8402
16 5 5413
1 18 6657
10 8 5016
20 7 1405
3 4 2472
9 1 222
9 6 853
10 2 7671
15 3 8163
18 12 7035
7 1 2513
18 15 8372
12 3 5350
9 16 7907
18 1 3734
8 5 110
17 18 1448
8 17 2091
20 3 7165
3 2 9284
4 19 9070
19 4 9598
11 1 1301
11 17 4370
9 18 2156
19 12 4662
6 2 1404
9 10 4941
4 8 24
16 12 3867
18 2 6559
15 20 366
19 4 8212
16 1 9217
1 11 5478
1 17 391
1 9 2377
2 18 6636
8 6 6174
6 10 1563
12 8 5746
11 7 5846
2 1 549
9 2 7178
16 17 811
6 10 8726
7 14 1584
9 15 6494
4 20 4776
8 3 8078
5 10 2661
1 2 1303
8 11 3167
2 13 3057
7 15 9104
3 17 5540
14 3 5992
6 3 1647
14 8 6581
9 10 3114
5 18 1190
6 12 3778
6 15 2863
16 11 9579
18 3 514
15 3 8323
4 12 2061
13 14 3680
7 1 7413
13 19 4955
16 10 4398
16 9 2295
6 5 724
6 9 7564
1 3 3612
10 9 2879
8 17 9040
10 2 2901
15 9 8082
18 7 9861
18 13 7710
10 12 4107
19 2 2600
3 13 8235
15 4 4463
16 4 2426
1 16 6121
1 3 452
19 9 5346
7 15 754
11 6 463
6 4 639
8 13 3569
14 12 8397
11 14 3000
19 10 5010
2 17 90
1 11 5150
3 6 7952
11 9 1939
6 16 2220
14 15 7374
20 13 1799
2 17 497
16 10 5770
9 2 9186
8 16 1582
1 4 991
7 9 7028
7 13 9209
13 18 4517
20 6 384
18 13 8727
9 10 5378
8 18 1205
12 17 5873
10 11 4288
15 11 2014
19 2 8919
2 18 6314
7 10 902
20 2 4778
2 15 5636
15 5 7366
9 13 3416
5 13 5418
10 20 2487
2 9 4837
15 19 7226
18 8 604
4 1 7502
16 12 1170
19 12 1693
10 20 993
15 9 1986
15 17 5427
1 3 9455
19 5 4366
3 14 2288
3 15 1192
2 20 884
19 16 4940
6 15 1648
14 20 9315
13 19 6222
13 19 3920
19 18 9522
6 9 2152
17 2 3918
6 12 3662
12 14 9021
5 9 8170
3 15 4458
1 8 7980
8 10 9189
10 8 1849
13 5 4843
17 4 6327
17 14 875
12 7 7439
10 12 2626
7 16 9354
19 8 2580
11 4 200
2 12 6996
15 19 4456
1 17 3813
13 5 5628
3 12 234
15 20 1943
2 20 1517
19 7 5927
14 6 7307
12 8 440
4 1 2719
19 11 1768
11 7 2096
1 12 5027
1 11 7523
12 10 3696
15 16 488
10 12 1122
8 4 9351
4 11 445
10 17 5376
7 1 4516
5 7 430
5 13 7016
8 6 5766
5 18 9805
2 20 256
15 8 6612
20 16 137
7 15 671
11 19 8924
4 19 2748
5 12 196
5 2 9431
10 18 1018
4 19 8106
4 19 7256
6 14 6871
20 13 8395
4 16 309
6 18 7253
14 4 634
3 12 3527
17 13 1530
15 20 4362
1 18 2861
2 9 2357
9 12 2214
17 11 1065
19 13 7089
20 3 5138
17 12 6389
2 10 574
4 7 1640
1 9 9899
8 16 5517
9 16 5899
11 10 8742
20 13 2586
14 15 7294
16 12 9263
8 13 1122
12 3 8567
7 10 5670
16 9 1015
20 7 8005
12 2 9781
9 19 3575
5 9 2069
11 17 7252
18 5 9659
4 9 2518
4 1 9743
3 2 7307
14 3 128
15 2 3048
2 19 9034
8 6 3019
15 13 9146
19 18 3241
3 10 8119
19 6 8997
14 2 2168
9 1 1725
11 1 5214
19 15 6087
10 20 7342
13 10 6059
20 3 9418
1 9 343
15 5 336
20 5 2966
16 18 5444
14 1 2222
18 9 1810
6 14 5902
16 4 4244
7 13 5383
17 15 4494
8 16 4567
10 18 5749
1 4 7273
20 13 5222
20 1 9704
19 2 487
15 2 881
11 16 2716
4 7 2263
12 2 8618
12 5 1555
1 15 9232
20 3 8563
7 13 7145
3 12 4227
9 15 2410
10 19 2243
4 11 1988
1 15 6191
7 3 4983
2 10 3998
13 4 4162
1 20 2496
9 13 2984
18 19 9450
14 18 9942
18 9 5057
19 5 9640
15 2 1065
17 14 9985
11 6 1934
19 1 7310
2 6 1681
8 18 2944
17 18 7705
4 17 7574
19 17 9093
13 1 8278
2 3 808
14 4 6943
15 5 3751
19 1 1584
19 14 4439
6 10 3987
13 6 6596
17 1 4976
1 6 3746
16 20 1122
20 2 9987
17 19 8579
7 11 1841
10 19 3906
19 20 8752
19 11 1910
13 17 2376
20 19 2746
14 1 2624
12 17 5453
16 3 6788
12 20 5252
8 1 5975
9 11 6911
9 17 4550
2 6 739
14 13 2610
2 6 3675
7 16 511
8 4 1447
2 18 4294
3 2 3451
5 1 5358
20 11 1491
1 18 3737
17 2 5912
14 16 5174
17 19 6973
16 4 6494
4 9 5037
13 2 7396
6 19 5512
7 2 6980
17 2 1792
19 1 1888
7 5 3070
1 3 5974
1 8 7692
18 17 3417
1 3 704
15 6 5624
1 9 1403
11 13 2603
7 19 8713
8 3 4716
11 3 2404
12 20 5893
12 4 870
7 13 351
4 16 566
10 19 7373
4 2 8291
5 12 1172
13 3 4624
8 20 992
8 1 3106
13 4 7788
14 8 7782
13 5 1851
13 20 9798
10 2 2194
1 4 326
1 10 8362
8 13 5869
2 8 504
17 9 4169
9 14 4603
2 13 9187
12 15 9642
11 8 3174
3 6 3758
17 7 252
20 3 1545
10 6 2765
5 12 2413
1 13 4242
18 7 7530
14 19 5548
19 1 1533
5 18 1953
8 5 3327
17 2 2707
2 3 2172
16 8 613
16 10 5848
20 5 3163
4 8 4448
15 5 6569
20 1 6274
3 18 6189
11 2 398
2 7 8596
13 16 1842
7 1 4224
4 10 5210
3 14 4560
18 4 2918
19 7 1572
13 14 4315
11 4 7133
4 17 8394
3 18 1182
1 2 878
13 19 1518
16 18 1487
11 12 369
3 12 4749
17 7 7191
1 6 1156
19 2 5471
10 2 8204
14 2 7457
11 5 3383
3 1 6873
9 10 9677
17 15 6337
9 12 1347
13 17 2913
4 14 7708
9 3 7272
18 14 274
19 18 3843
13 4 3926
15 10 994
18 19 2004
7 17 2130
18 10 566
4 20 6813
1 3 5370
2 16 8663
8 4 2844
9 18 7611
8 12 357
11 14 4760
17 1 895
20 1 635
16 5 5344
18 6 7077
6 19 7297
7 5 6849
19 13 1981
4 17 7453
17 19 9713
18 10 9374
7 20 6924
8 17 6603
1 17 6466
19 14 8476
11 6 365
18 8 2520
9 3 3042
3 2 1315
9 17 2034
19 20 9279
5 2 2229
14 13 7583
14 7 1079
4 1 4207
15 12 3357
19 20 3089
7 11 8763
11 10 1249
17 11 319
18 15 7533
18 15 3117
7 12 3269
9 7 4957
4 20 5979
19 2 5237
3 19 6442
17 19 5584
15 19 8758
14 8 8989
14 17 3104
11 16 7206
2 18 5746
9 4 4615
15 4 7151
9 11 6030
12 4 2191
11 6 2556
12 7 2248
18 3 4466
20 9 5860
3 20 7688
15 4 2063
17 14 4132
16 5 3557
2 7 3858
6 17 7080
13 16 925
8 14 3430
9 5 9721
14 2 7834
2 20 603
12 7 864
3 16 2349
9 16 1220
11 12 8862
10 8 2366
1 6 7962
14 1 2239
7 8 4086
7 9 1090
13 17 2664
17 6 1200
19 4 6661
5 13 7794
1 11 3314
19 5 2605
16 19 9127
12 5 2743
13 1 6454
4 6 2597
1 5 857
19 6 8624
16 10 3383
1 15 1640
6 14 1958
9 15 8330
17 12 686
3 14 5571
2 13 5172
10 7 6349
18 14 2134
10 14 7646
6 11 1504
1 20 5530
1 5 6018
15 20 20
13 15 4774
17 6 7650
20 17 978
15 7 3618
13 12 1251
3 7 2522
8 14 9895
17 1 195
9 3 9374
1 3 7261
17 6 627
18 15 2973
13 2 1696
16 1 3212
19 4 1708
3 5 8858
4 8 1586
8 10 6145
19 16 6154
9 10 2672
2 4 9538
5 6 5472
8 18 3370
17 4 5217
2 20 7556
15 11 9280
11 19 7269
10 17 9446
17 14 5500
13 18 3381
10 6 126
5 6 2596
10 7 2040
20 9 6990
17 2 1461
18 5 2852
11 10 4573
9 19 8379
20 16 2414
15 6 2987
15 2 2352
14 3 5929
1 7 590
4 13 878
16 19 5424
17 9 3572
9 18 8916
7 20 6214
2 4 8232
16 2 6968
9 6 3959
2 7 3879
17 6 2220
11 16 1561
14 18 1824
10 4 2524
1 5 3201
10 4 8224
16 1 993
13 11 2115
8 19 5516
14 6 3463
17 10 7160
7 3 5056
7 14 3225
7 12 7081
17 13 7111
1 9 7405
19 13 3942
2 13 2997
20 1 7543
20 18 9586
15 3 172
19 13 4023
20 18 9758
2 5 8502
11 15 5792
4 13 161
11 2 5765
11 19 5797
2 20 9887
15 16 6734
8 11 8847
9 19 553
1 2 2567
8 5 5216
7 3 5685
19 16 3504
18 12 2211
19 7 6388
2 19 3404
8 5 1996
12 3 7239
16 13 2354
4 11 742
17 9 6653
8 19 5130
19 1 8804
4 16 7167
9 15 253
13 20 2182
15 7 9532
16 13 7050
19 9 9249
18 10 1997
15 7 1329
16 7 701
11 15 1262
8 4 5662
5 14 5593
19 5 731
12 13 5882
16 17 2841
17 19 9228
13 7 9842
13 10 1380
3 12 2679
8 6 749
20 9 7755
17 13 4900
18 14 3117
8 18 3091
13 11 3895
20 13 5439
12 1 785
14 10 1435
9 7 7931
15 6 5993
2 7 5963
20 10 3354
10 2 8281
8 20 6772
3 2 5816
10 3 1435
6 9 9885
19 11 5698
5 10 9890
9 3 4725
2 20 1064
20 7 7541
4 19 5599
7 11 2571
10 4 7721
20 11 6390
17 1 8312
15 1 4937
12 5 2444
3 20 4036
16 12 7692
3 11 6381
18 16 8056
17 14 9535
13 8 6580
3 7 5204
20 6 388
10 9 5284
20 15 2043
6 5 942
6 18 9338
19 4 6489
18 4 3023
7 9 1781
11 6 8471
20 16 5887
8 6 9841
4 5 4305
10 8 5784
7 9 319
6 12 1937
15 16 8777
19 2 8504
5 13 5553
17 2 9061
6 11 8175
16 11 7037
6 2 6464
15 2 9840
6 14 9490
18 15 7734
7 16 2780
8 14 3956
10 16 1044
13 5 1180
13 10 374
19 5 7875
2 15 8806
18 4 257
19 4 321
1 17 7483
3 20 1121
9 8 2894
3 9 2434
13 9 4552
9 12 7474
6 8 5087
14 13 3006
17 2 9587
2 14 6997
8 2 9915
10 16 9647
5 9 6534
18 19 7413
15 2 867
10 7 8271
19 15 8678
13 1 5995
13 4 25
14 12 5214
1 14 9355
5 13 5787
4 20 9708
4 20 8784
6 14 3683
3 4 8662
5 7 2117
18 6 4799
15 12 4026
12 1 1191
2 18 8646
14 6 513
6 18 2203
2 19 9550
14 8 1727
13 1 4428
19 11 8870
8 19 892
2 3 1984
13 8 4694
7 20 1218
11 14 7129
14 20 8945
17 1 5208
13 18 1880
16 13 2416
8 2 4121
5 4 728
1 12 2398
10 18 5458
18 11 1663
12 6 9598
6 10 4661
13 11 1041
8 1 3632
11 18 6255
2 15 5427
11 18 1411
19 11 9332
14 12 8327
12 1 3121
18 14 8642
1 7 2748
14 16 8929
1 15 2823
11 20 9622
9 8 1308
5 16 614
11 9 8438
9 2 9782
2 7 1963
19 10 1962
2 19 4086
18 20 1963
5 3 7834
6 18 7668
8 20 1698
9 17 1031
12 19 977
11 16 9566
16 2 8544
20 7 2310
16 7 6224
15 2 62
7 1 2325
16 6 2131
1 10 2693
11 15 7108
15 4 7977
9 3 8574
13 6 90
9 10 6660
7 20 7223
17 20 8715
3 12 8721
15 9 3892
7 13 6729
15 6 1197
6 3 6482
8 13 3577
7 12 9089
20 19 6756
9 12 6036
4 7 7055
1 2 2075
4 19 7987
18 4 8948
19 9 7362
5 18 5087
20 14 7763
1 16 5288
10 11 8305
11 19 5653
11 4 5114
8 12 3368
10 20 4987
17 13 1602
16 11 8
3 4 2214
15 17 1543
6 11 2294
11 14 4014
13 3 1371
19 2 250
20 14 7396
2 13 101
18 5 8565
6 10 112
18 9 9255
5 17 1877
19 5 1166
19 15 849
7 10 6368
2 6 2507
2 7 754
3 17 5352
1 12 4061
9 15 6069
18 1 302
20 18 2491
15 11 2167
16 20 3979
16 15 2618
7 14 4357
1 20 5046
13 1 39
13 11 2391
8 12 2147
1 17 1009
13 14 706
18 14 2154
12 5 3869
8 3 5707
7 9 3649
9 16 4040
16 7 3447
14 6 1339
4 16 1903
2 8 4259
15 1 1177
11 10 8235
10 19 8396
12 1 2612
8 9 7882
19 12 7443
3 20 118
10 11 313
9 11 9795
4 15 8103
16 4 278
13 8 7009
12 9 6659
9 12 3774
9 2 4333
3 13 6773
9 6 2862
9 2 1509
7 5 4208
13 20 4698
3 7 4554
9 14 2292
4 15 7393
12 16 2949
10 2 3164
2 14 2623
14 19 8911
5 12 5150
9 6 8272
3 13 1137
11 3 8992
18 16 9481
7 9 5591
8 7 6879
13 8 4389
13 4 9967
5 20 9094
19 6 6068
6 7 6994
2 18 79
15 18 2264
12 20 3789
3 12 3014
8 17 8113
14 18 2950
16 19 1722
10 18 7588
5 18 9478
4 15 7717
6 8 899
10 3 905
8 10 2889
19 16 3879
20 5 3164
8 3 4270
14 7 3690
19 7 932
7 9 553
4 9 1950
2 3 5453
3 9 6969
12 19 4377
17 11 620
11 4 4928
2 14 4954
20 15 6207
5 9 8343
4 2 8229
4 1 9306
2 16 4161
8 9 503
19 17 5117
5 18 5919
3 19 5501
10 11 2336
16 14 4053
13 14 5474
8 13 4544
4 3 1709
13 17 4912
13 14 5082
3 15 5856
17 12 1943
15 9 1290
4 12 7798
13 1 7461
10 6 5101
11 6 4522
7 6 873
6 12 2440
13 20 1103
14 9 9168
19 8 6741
4 7 8648
14 4 1616
9 7 805
13 17 5996
19 8 4087
9 6 424
10 8 7031
16 5 532
7 12 1924
9 19 8632
16 20 740
11 13 4420
6 15 1631
13 8 5941
17 9 1564
5 4 5324
14 13 6868
11 20 6624
4 19 4262
17 2 7647
6 17 1618
6 13 3456
14 13 5625
3 20 8153
19 13 7426
17 4 5220
13 16 4632
14 15 75
4 9 748
5 2 4073
8 4 5494
5 11 7011
11 5 7201
10 2 266
19 10 8710
2 9 6042
13 10 6294
8 6 9978
9 16 600
20 1 2718
14 15 6851
19 15 5692
6 1 355
6 19 3022
19 15 2078
14 6 1207
9 4 9300
8 20 9783
15 6 553
5 4 3256
1 19 5223
7 18 510
6 3 5258
14 7 8599
12 17 9411
16 2 8142
6 1 9883
6 1 878
9 3 6491
14 1 8116
3 13 2818
4 20 2070
7 14 8978
5 13 1272
13 14 155
19 17 9234
14 18 9077
6 7 8626
20 14 8473
2 20 986
17 8 2974
5 10 9558
9 11 2076
2 18 2760
16 6 756
7 10 580
5 2 4175
5 20 7678
13 18 8373
11 14 4039
15 16 7251
14 20 8766
8 17 7915
19 1 2210
7 12 2350
10 1 629
16 6 877
14 17 859
11 9 3407
19 8 9216
11 2 569
17 7 2950
3 19 1244
11 4 8091
14 2 1445
18 16 7176
20 8 1304
5 19 5006
18 5 4570
4 12 9555
11 1 5394
12 4 8563
11 19 53
3 6 1010
5 11 1341
9 8 6289
6 16 3864
12 2 248
9 12 8398
18 7 2408
2 12 1766
2 11 1447
5 7 1575
17 19 2131
18 16 8762
20 4 5244
20 10 9580
19 2 2420
17 16 5796
15 13 9876
13 14 2876
2 16 9789
14 3 6580
6 10 1836
12 2 1173
8 12 8611
17 13 2012
11 5 6096
4 13 1478
20 9 2629
12 19 8235
10 17 6888
3 6 3203
19 14 8063
12 7 1685
8 10 3785
8 9 2614
8 7 2709
16 3 1913
3 10 2339
10 18 3147
7 20 9394
15 9 6188
12 20 5304
13 12 9430
19 13 7536
2 18 9040
7 15 3607
2 3 207
2 8 8056
17 2 1713
3 10 1276
5 17 5037
1 6 556
6 7 3459
14 7 6219
5 7 6070
9 20 6402
9 8 762
6 7 8680
6 7 246
5 19 4066
1 19 6362
1 8 8090
14 16 1982
10 2 2675
10 15 9072
5 9 3953
12 20 1695
4 11 5026
12 2 4737
3 13 9973
1 20 9767
10 11 2820
19 14 9330
5 15 289
7 13 7916
12 14 6877
4 15 4360
2 6 6382
5 10 2487
7 10 8481
7 9 1297
4 20 1006
11 9 8068
3 6 6146
7 1 4649
17 15 6781
15 14 5352
3 13 1099
20 11 9512
15 2 8149
8 13 1693
9 10 6
9 5 6860
5 6 1393
16 15 9312
11 19 4751
17 10 8349
17 9 2506
16 18 3018
15 20 5055
15 14 1916
11 7 7110
11 19 8189
4 14 1297
13 20 9976
14 1 7512
3 4 4139
7 17 5698
2 19 4741
8 18 2398
7 6 685
7 17 8913
16 15 1508
6 3 3234
15 9 8292
11 2 904
17 19 4273
11 4 8282
1 11 6079
2 7 5020
16 8 493
12 18 5716
18 9 9000
9 6 8008
5 9 5116
6 1 434
6 7 2324
5 18 3206
17 6 4034
12 8 1428
11 9 683
18 5 911
17 14 9210
12 20 2613
11 10 8756
15 7 1908
16 12 7799
8 9 7816
1 11 1959
13 18 7948
11 2 5187
11 14 1312
18 20 9493
13 3 8442
13 7 3912
11 19 4423
5 18 2075
11 13 6963
2 19 7501
2 15 6254
13 18 5301
12 1 4379
10 15 6966
10 19 1322
13 16 9578
17 16 9110
12 18 2010
19 9 7680
7 10 5504
14 13 9938
8 6 9648
15 3 8939
13 10 7760
7 13 7300
4 1 5836
20 12 7774
12 7 1222
3 6 2295
9 10 5016
2 14 460
4 19 3549
10 8 530
19 7 3622
1 16 7334
14 15 72
12 2 7912
6 7 1365
14 13 7668
11 2 4371
18 8 9974
19 13 5906
10 13 4339
19 11 3141
19 6 1902
6 2 5215
5 3 7059
12 20 2427
19 14 7802
7 17 1410
14 6 856
17 13 2898
2 18 2207
5 13 1389
1 7 180
4 14 737
5 20 7234
10 1 1
7 19 7313
10 7 677
5 15 9070
17 3 7974
2 3 6266
11 13 1896
7 11 382
1 4 5885
13 3 4571
5 3 6944
18 4 6313
13 4 6027
5 14 6046
18 3 9343
20 4 4261
20 17 8373
9 12 2182
19 6 7005
1 17 9245
3 1 1581
13 6 3818
19 17 1412
13 14 5633
12 18 6092
5 16 6963
5 1 1645
13 16 3151
1 6 1248
13 7 7817
11 2 2122
13 20 3473
4 18 7143
8 5 4234
3 18 3140
7 8 230
12 18 5277
2 10 844
15 8 4775
6 10 1684
16 18 1220
6 5 6756
20 1 2602
6 4 4253
2 16 6402
1 3 5831
11 8 275
12 1 7392
20 7 6879
19 2 3536
14 10 6954
13 11 1859
14 15 6152
14 9 416
1 19 8010
12 11 2216
16 2 9565
20 13 8428
13 9 9083
9 6 6498
4 19 251
18 8 9785
3 7 2449
3 15 3018
15 10 5941
7 3 7278
14 10 9468
17 2 8367
20 13 7418
13 7 5177
15 4 8265
1 9 7378
7 6 8847
4 9 5497
13 14 6409
3 18 1595
14 3 2751
15 6 3625
4 6 7306
11 13 1997
20 12 1918
2 12 5096
13 20 1824
10 11 9512
11 8 307
16 11 8879
17 1 9084
2 9 4198
5 15 4625
8 12 4223
20 6 3423
11 9 7856
1 15 3983
14 9 8677
6 3 5851
17 18 3850
5 19 9338
14 16 1318
16 13 7311
8 11 7678
2 6 2257
15 3 4378
14 8 5249
1 4 7766
18 14 6976
18 15 9976
14 9 9085
7 13 6280
18 9 4001
12 4 114
20 8 4573
15 2 8454
12 15 3248
18 12 5380
20 16 9706
16 15 1909
3 13 8383
17 2 8809
10 20 2147
13 1 189
1 18 4186
18 1 7774
8 5 8699
13 17 2434
13 15 1371
11 10 6035
16 20 1501
14 9 7339
9 1 5178
14 9 8085
18 15 448
7 9 3384
16 17 5464
1 12 4659
8 3 2197
18 5 1879
4 2 7566
14 16 6459
9 20 8994
5 12 7030
12 20 2434
17 5 1868
14 12 9052
5 2 9397
1 11 2195
2 20 921
15 4 6116
10 8 5941
7 13 2317
10 1 1743
17 1 3143
13 16 706
2 7 2934
20 11 5627
14 12 6270
9 14 2670
18 9 2981
8 15 476
2 9 1696
13 2 5070
8 10 3017
14 10 2627
5 9 2983
15 18 2427
13 16 2348
17 13 1675
6 13 3367
12 8 4476
17 10 8449
13 15 3844
7 3 7200
10 17 7721
14 20 3505
16 1 8048
20 12 3830
15 12 5697
18 8 8422
12 19 6106
18 9 118
8 16 335
2 15 2625
11 15 1203
3 5 922
3 1 5369
1 11 6339
14 7 5046
14 6 9211
2 7 2560
5 2 8788
18 6 1632
15 20 2791
12 19 6866
15 9 8101
10 5 4743
16 18 2577
16 20 1179
2 8 1363
14 12 9436
13 5 6963
4 10 5801
15 19 9033
6 13 3588
3 20 8598
3 8 1233
7 5 7098
4 9 9108
5 1 5204
20 7 9891
16 9 738
16 10 9100
7 14 7326
14 3 1364
20 4 3886
17 14 1572
14 18 4258
6 15 6247
20 7 3124
1 2 288
14 15 6493
9 20 5230
20 11 8382
11 7 2634
10 3 6781
15 11 4565
8 11 1516
15 5 9976
13 20 779
16 4 714
5 19 5359
16 11 8270
9 2 2696
19 11 1269
20 19 3527
12 6 1289
17 8 4107
7 18 4903
6 17 9522
2 19 5670
4 15 8373
13 12 6450
9 20 5957
10 6 2054
6 20 6298
6 18 6283
9 6 1066
17 13 4773
9 8 6685
5 19 1507
8 15 1903
11 17 8524
5 19 8459
14 18 6544
6 5 3841
17 13 1472
1 19 5546
6 13 9228
12 9 124
3 15 3837
6 19 8604
4 19 9387
9 1 766
4 3 2327
1 17 1264
7 15 5652
16 20 9798
6 19 6837
18 13 1277
12 10 7443
20 7 2978
11 1 6224
16 6 2253
17 18 9280
15 7 3816
20 15 6714
14 3 9836
18 13 1289
13 16 5142
8 13 8572
7 19 4945
6 1 4358
15 18 2478
19 4 9012
12 16 5788
16 5 4222
13 3 444
14 1 2494
20 17 833
14 12 9109
7 8 9387
2 14 3810
9 6 869
15 5 953
20 7 1912
3 17 7694
2 11 374
12 15 9964
2 5 4821
6 11 6516
4 20 7232
13 18 1859
10 15 4449
1 19 422
1 7 1613
1 10 1824
16 7 2581
7 15 6384
14 18 7724
2 14 4332
2 5 8194
8 7 6694
4 19 8886
10 16 7720
10 15 1562
10 16 4431
18 10 8733
9 12 5670
12 20 6605
12 11 4289
9 11 2407
1 6 3426
17 15 5253
18 14 2911
12 19 5882
14 4 4934
13 16 6308
2 13 4784
1 7 5784
18 8 3614
14 3 1501
10 13 5888
8 2 8909
20 13 1272
5 8 608
14 6 4812
15 7 2103
8 12 192
4 18 5738
19 8 4137
19 20 645
3 9 570
17 3 7533
8 16 9062
9 13 6867
15 16 5585
3 8 7868
9 14 4979
15 20 4997
13 6 9198
3 10 2602
9 13 5889
15 3 6115
9 19 4796
5 20 1987
12 9 4299
20 7 276
14 1 5019
16 14 7387
20 9 2684
2 20 4737
7 6 5989
14 13 5594
18 19 2917
5 10 3576
3 11 8437
16 9 3438
11 7 1230
7 8 5169
5 3 5548
19 5 7493
7 12 3212
15 12 1974
4 11 4527
18 13 320
17 1 6340
8 3 5152
19 1 2722
15 14 9815
1 14 1098
20 4 6292
16 7 579
15 5 6497
6 15 4219
13 3 6762
6 9 9064
17 7 8305
17 12 1535
16 11 4833
18 4 37
8 20 8768
15 20 1513
2 1 7935
13 9 6151
4 19 7341
9 5 311
3 6 262
5 17 1371
4 11 889
1 12 3874
9 14 8614
20 15 9328
2 4 2534
2 18 7375
12 16 3782
17 9 53
11 7 1069
4 9 6368
17 20 3852
9 16 1939
11 13 9578
1 17 3492
2 20 6169
6 10 3735
17 10 7597
19 20 7924
20 7 7977
16 9 3316
14 1 6712
1 16 5995
12 16 1944
14 2 4794
15 14 9760
14 2 3649
2 5 4213
20 17 6904
13 15 5896
17 18 2798
18 8 9220
15 20 2678
3 7 139
19 7 44
18 9 7108
6 18 2310
12 9 439
9 19 3739
1 8 2228
9 19 988
7 19 3668
17 6 7708
14 19 3848
3 7 8457
6 16 7158
5 12 2950
11 17 4772
13 10 1605
16 19 3082
17 10 9842
1 3 2539
16 6 2628
5 9 7153
8 2 245
18 11 4189
4 5 2951
15 18 3789
18 8 7390
12 20 5995
20 1 8054
19 10 8859
17 16 7968
13 1 1517
12 2 2267
11 9 4304
5 10 3682
3 10 6407
9 15 5938
17 20 9766
7 20 1140
11 8 2632
3 17 8737
17 1 8890
11 1 6423
14 6 9500
12 15 910
1 18 5115
8 6 8544
12 3 8078
16 15 9229
7 17 3198
17 9 7643
6 13 9425
7 4 5159
17 5 7983
10 14 7091
19 16 5442
15 10 9552
8 14 7096
5 20 157
2 7 184
9 17 4260
6 9 6257
8 11 3332
2 19 1327
7 11 6398
13 8 2144
3 2 4210
13 15 6792
3 16 570
19 6 7279
2 1 5476
9 19 9463
17 19 5827
16 14 893
4 16 3798
11 18 3719
14 17 1631
18 9 1882
8 18 3084
20 14 1305
13 15 2748
13 19 1208
8 5 5500
9 1 186
12 15 4327
9 18 4472
2 1 1524
14 19 6623
7 1 7586
7 9 9556
5 14 79
1 14 1968
20 5 7967
11 15 263
16 8 2268
16 13 8438
10 11 2889
5 7 250
18 9 4985
17 9 3727
11 17 2340
7 19 5119
14 2 5246
10 15 3370
17 11 6848
16 7 528
10 1 6703
1 3 4254
16 3 1980
18 20 2281
1 13 8600
6 14 2641
20 5 2146
12 6 4045
5 15 8481
17 20 2087
3 8 727
16 1 5639
18 10 4403
20 17 8004
2 18 7138
4 6 21
17 6 8147
5 4 4297
19 5 7595
8 3 2293
12 19 2673
1 2 7790
15 11 9395
5 19 9819
10 12 6314
10 18 4449
7 13 5148
8 2 2094
11 18 8048
15 2 5829
16 6 8742
14 18 3838
20 8 2411
11 17 9325
10 15 5528
11 14 7199
20 8 4831
20 11 2281
5 7 6354
19 15 1131
1 15 7200
18 1 3616
12 5 5169
18 9 8888
10 17 1299
8 3 431
13 3 3411
14 20 197
16 17 1158
1 16 305
8 4 718
7 16 9963
3 4 7490
11 17 3983
7 12 1947
19 6 6819
11 4 9119
11 13 4518
12 9 6909
19 11 3746
3 4 2311
7 14 2691
8 12 9507
12 7 2021
16 20 3788
2 15 235
9 16 4004
14 15 6610
11 1 840
12 4 894
17 12 4473
3 5 4509
15 8 1439
13 1 6125
17 14 2520
10 4 1544
13 19 1645
13 5 8640
1 10 4561
16 7 827
15 13 490
4 6 3172
11 14 1134
9 14 3492
11 18 9474
2 8 3471
7 3 9402
19 8 6999
11 18 8320
17 11 1685
8 3 4087
10 5 9347
16 4 2407
15 14 1700
3 14 6866
17 9 1328
8 14 2590
12 13 3953
15 9 7756
14 1 5243
19 20 8812
19 17 3991
5 8 5194
7 13 2575
10 8 1194
6 9 4903
20 4 3723
7 16 8256
3 11 1356
3 13 7983
20 7 6105
1 15 5705
6 7 3437
17 18 798
7 8 4722
9 11 3639
6 5 2794
18 11 1655
12 8 6970
13 10 6297
17 15 130
16 18 5305
12 1 3997
20 2 2248
19 9 3494
13 3 3444
7 14 6340
6 17 337
7 17 1904
13 18 4478
3 15 7977
4 5 3876
12 7 5340
18 2 3987
16 18 788
3 9 1979
1 4 920
20 9 4474
7 3 9967
18 11 3584
20 10 6775
18 9 6954
18 15 2233
13 11 5701
5 3 239
19 13 1389
9 15 608
19 12 4273
18 2 3131
3 8 2838
5 2 2428
1 8 6286
13 9 5050
14 1 5390
20 14 9477
12 3 3796
17 16 6620
20 16 2843
18 20 5527
15 20 7546
20 1 5664
5 10 1970
11 14 3854
11 1 3630
16 4 6488
13 20 3887
8 2 4829
15 7 4588
19 4 1808
13 16 353
9 3 2708
14 3 2508
17 4 746
20 6 8866
7 17 8157
1 6 2082
15 7 5056
1 2 6379
13 10 3354
12 13 6303
17 20 9335
1 20 759
7 14 327
12 20 805
7 15 3117
11 1 9596
2 8 357
3 17 3501
9 5 6018
10 15 2777
14 3 4502
18 15 4555
4 20 5668
6 3 2434
18 4 7081
11 16 5312
1 3 1679
9 8 2232
17 6 6424
12 15 7217
6 14 7236
15 2 4364
11 6 6863
3 12 4694
8 5 3096
20 6 838
11 12 9854
2 9 4454
18 13 1743
17 2 6090
19 12 1662
10 4 4450
13 16 2146
17 2 3028
4 7 4460
15 2 2664
19 12 9501
8 4 1455
11 15 716
19 18 4512
9 18 7836
11 1 6579
1 15 573
9 11 8719
8 20 6873
19 1 4418
15 14 882
1 6 2370
14 4 8454
7 8 1837
17 2 2838
4 1 951
9 13 7032
1 14 6335
14 3 6855
14 11 2217
17 15 617
15 8 3743
8 17 1379
9 20 1541
6 8 5359
12 13 3136
16 7 5363
4 7 2601
19 8 2474
9 14 6891
15 10 9273
8 14 8624
12 4 2478
9 15 1340
11 12 4103
17 11 110
12 11 9425
7 15 3082
5 2 4211
18 14 6759
8 10 1544
19 6 557
5 6 35
5 8 7471
3 16 1428
16 4 9733
16 13 4194
19 11 5485
20 4 2220
1 19 8160
1 3 12
3 6 5426
13 17 5683
8 12 3914
4 16 5724
3 4 8141
16 7 8204
10 9 3309
13 20 4962
14 9 5377
6 18 5981
2 1 908
11 3 6431
1 15 942
13 11 8958
9 6 1050
11 8 8321
20 8 2638
7 8 8272
15 12 8768
15 10 5329
13 9 5475
20 19 7580
20 11 8864
11 8 1466
9 7 6992
17 5 6296
8 16 9878
16 6 4793
6 14 1764
12 4 6248
3 12 63
13 16 66
16 14 3755
10 2 8415
8 2 1112
7 15 2935
12 5 6486
5 8 2152
3 7 3209
7 19 4003
12 5 8153
3 20 9276
8 15 307
20 9 2665
20 11 4187
11 9 1727
11 12 2590
16 14 6438
13 14 6668
14 12 1656
16 20 7460
10 2 4040
19 9 7095
6 16 5217
15 6 910
20 19 895
6 4 9145
4 17 2039
6 11 3929
6 19 8186
17 4 1689
5 15 129
8 3 1005
8 9 6801
12 8 5668
4 7 2205
17 14 8949
12 2 9918
7 17 8801
19 1 6592
18 7 8038
18 16 3328
15 14 1424
19 8 1195
5 8 6721
8 18 2664
4 17 9905
16 14 6351
18 15 3055
11 8 2410
13 11 7557
3 8 9070
11 12 684
10 13 7353
7 14 4868
13 2 2340
8 3 3829
19 3 959
9 18 4495
9 10 7093
13 12 4549
16 20 3420
11 1 9240
8 6 2392
13 5 3340
6 11 625
6 18 4879
11 3 4196
13 11 7425
11 3 12
11 20 8846
13 11 1481
4 1 6714
2 18 9030
2 19 199
19 15 9009
8 20 6874
6 9 5546
9 19 7228
16 19 5064
1 2 3787
19 14 9784
6 12 9215
17 18 1129
16 20 9452
20 10 4346
2 1 9500
6 9 1210
7 17 9772
16 20 1910
10 20 2164
5 13 9642
12 14 9192
5 19 4389
18 19 5836
7 19 7673
8 4 7714
10 3 6978
8 12 9062
16 20 2136
1 16 4643
8 14 7670
18 6 1822
7 14 2210
10 17 115
6 5 3331
4 2 1032
3 2 1867
2 18 4470
20 5 7839
12 2 136
12 6 2311
6 9 1274
14 15 339
19 5 2338
8 5 9421
3 8 8222
5 10 3219
3 12 3555
12 20 9244
3 14 8181
19 3 2512
10 9 8208
18 8 398
15 13 1820
18 1 2012
19 13 3134
5 6 4908
2 6 1048
5 8 3021
6 4 2022
5 8 4125
12 19 3808
9 20 9570
14 11 1252
11 13 227
5 12 30
16 3 8726
8 11 1935
3 15 9649
19 1 3753
6 20 6462
1 3 7943
3 14 421
8 7 3860
15 16 3950
17 6 1676
9 7 667
18 16 8156
17 8 5169
6 11 6188
6 11 4688
6 14 3164
17 16 5380
2 15 6665
16 1 3014
15 2 513
13 12 5669
13 7 703
8 6 649
8 15 2416
5 4 5548
18 14 565
7 20 8641
10 15 1060
3 10 1386
6 4 4738
8 1 6776
8 10 4605
8 13 1584
18 15 4115
13 4 8509
15 11 2085
4 17 8419
9 5 6266
6 8 8073
17 15 1365
4 17 9151
17 3 8681
14 13 1057
9 8 5016
19 16 9720
16 4 4431
20 12 7773
1 5 2110
6 3 6856
19 17 3906
17 11 3912
19 7 3301
17 14 1445
18 8 6702
11 13 3528
4 11 7891
9 11 6303
6 18 1873
4 2 9493
19 18 8066
12 17 5446
13 16 3553
11 4 2897
13 11 2393
1 19 3980
10 11 9677
2 8 6337
6 16 9471
17 1 9182
15 10 7801
18 13 682
1 3 4274
7 5 6353
19 12 2684
15 9 8538
15 1 9815
7 18 4458
10 13 3274
14 18 4946
1 18 2234
7 2 4913
17 3 6359
7 13 6119
14 10 7157
4 3 9695
18 20 611
15 2 4468
4 11 2737
17 19 7577
16 10 2265
5 12 1130
18 13 1235
6 3 7813
10 9 1497
17 10 8065
15 7 7622
13 5 2955
1 5 657
18 20 4522
14 19 5687
15 2 6012
17 19 8036
12 5 6819
3 15 9922
2 14 9811
1 8 428
2 5 8668
17 16 2843
13 6 2122
20 6 3841
15 8 1401
13 10 8816
4 18 8524
6 15 9150
7 6 3944
1 19 5514
5 6 8552
16 17 2241
12 6 968
19 14 2265
10 13 848
5 3 3176
17 16 7736
9 11 909
1 15 924
8 6 633
3 11 3403
4 18 186
3 1 4986
10 7 1191
2 10 1774
11 3 2023
20 15 8304
10 17 2652
9 4 959
15 5 9342
3 11 960
16 20 6893
10 14 4848
4 18 2145
7 10 3954
15 1 8495
11 15 1832
4 20 1903
18 14 3550
18 3 8084
10 8 9578
8 20 2104
12 13 4830
15 9 3688
9 14 7726
1 7 7611
13 4 2051
15 1 9034
15 11 6033
20 17 1921
18 7 360
18 20 6605
20 17 8460
11 13 9164
7 15 7548
10 1 199
14 17 3578
15 5 5992
13 8 6165
15 4 1693
15 5 911
7 4 8463
8 19 6251
4 5 8154
7 9 4284
5 8 237
20 18 6312
15 17 4159
3 7 7090
16 6 4406
9 10 5599
2 11 9579
6 17 4284
11 14 2885
9 1 3322
16 4 6906
5 17 9207
5 17 6951
5 9 3848
20 6 6691
13 3 7724
15 7 8239
18 1 8157
9 20 9928
10 18 5466
3 10 560
8 13 9010
17 3 3704
1 4 4641
7 19 7192
11 10 6228
8 15 6565
19 8 21
17 9 9386
11 20 2085
9 13 7070
12 9 3170
17 4 5528
2 20 5286
14 17 9462
11 1 3454
18 17 7240
18 16 5265
10 7 5177
6 9 6539
19 11 2172
12 15 2236
16 14 5622
13 5 2222
9 4 2462
17 9 8869
16 5 3367
1 14 6488
6 10 157
9 5 4890
9 13 4944
15 7 8958
13 1 7727
20 4 5977
8 6 875
1 16 3559
16 1 747
20 1 793
8 10 9869
1 9 7300
3 1 1957
7 1 3588
20 17 431
12 17 5523
6 2 4696
4 15 6823
16 18 4172
18 7 6731
14 15 1831
16 15 2322
9 10 1822
15 7 9655
20 17 1098
15 1 7420
10 8 4968
11 5 3162
15 5 1662
4 7 2492
6 7 2278
4 14 8305
2 15 8937
19 10 4741
5 1 1201
7 10 2276
5 12 41
18 3 5389
12 18 2093
6 3 845
12 13 8085
5 4 2882
16 9 9914
14 18 6983
3 1 8391
5 8 7274
6 5 5200
20 1 9645
12 2 5073
5 15 5292
7 11 447
15 5 6099
18 10 7173
3 7 5189
3 8 4434
4 3 1130
14 4 1991
10 2 306
3 18 1961
6 5 9445
13 18 9555
1 17 1662
11 1 9295
7 10 3543
14 13 7404
18 8 4486
4 7 1754
12 3 2989
11 4 1765
10 11 9259
10 20 6457
5 6 9212
6 9 5164
17 19 6648
20 12 8825
2 11 859
12 5 8871
12 14 6487
6 8 2217
10 16 3188
14 17 577
2 7 5086
3 14 4175
6 20 9015
12 9 7398
4 1 8287
20 14 29
1 2 2729
14 19 51
8 10 3800
13 15 1710
5 3 681
14 18 2316
5 4 8862
5 7 6035
1 6 5368
18 1 4088
20 11 2617
8 19 4676
17 3 618
11 4 1375
20 16 686
9 1 9349
1 11 253
1 6 2440
3 17 4504
14 16 2496
17 15 2775
4 13 9431
3 2 9738
12 15 1
12 19 2513
8 16 694
20 14 4215
11 2 5474
6 8 1330
5 8 2583
7 16 3920
4 14 6216
3 12 3792
15 11 6905
2 16 7869
16 12 2718
1 2 8180
15 16 1129
1 11 6750
4 8 1010
12 18 1357
10 12 8396
13 11 2116
6 14 9261
12 19 6296
12 7 8186
7 11 2091
15 11 1175
13 20 5814
1 3 2403
14 10 9226
10 2 2394
16 2 3248
19 2 7835
17 13 83
17 14 46
1 5 5779
16 13 5797
10 9 6202
9 14 3427
17 14 5700
16 19 2484
2 15 636
7 18 4355
19 13 3054
20 5 3451
13 4 6202
5 4 1796
10 19 1963
19 12 2750
17 1 901
2 7 1499
19 4 5203
19 20 5879
12 20 3577
7 10 1747
6 15 9802
7 19 3963
20 5 3735
12 10 5855
20 7 1925
16 8 6479
7 5 5655
11 19 4493
4 3 8492
3 20 8693
2 3 1501
15 3 5708
15 20 837
10 5 1148
13 8 5721
8 12 6959
15 19 4257
11 8 3253
17 5 1411
18 17 2339
2 16 8610
13 17 1463
2 18 6117
9 6 4967
15 8 2668
5 19 2535
16 20 2221
18 15 2476
18 19 2033
17 15 2378
6 5 1757
15 16 8630
13 19 174
2 1 3385
3 19 6912
2 1 2523
17 8 9143
2 12 6026
19 7 1054
20 18 2272
3 19 3428
20 3 2713
16 10 8095
2 14 63
1 20 7800
16 13 1997
2 16 6453
1 11 9639
9 7 7905
14 19 6398
1 17 7718
16 20 7287
8 14 573
1 6 98
16 13 6075
5 6 4441
11 3 1058
5 1 9557
16 5 5891
2 16 8899
9 17 4012
7 13 6485
1 16 1953
12 4 3522
1 6 4713
8 3 974
16 11 6984
3 19 2568
5 8 610
7 1 1335
5 20 9957
19 15 9143
1 20 347
2 1 2669
4 9 7164
12 16 6765
12 4 494
18 14 3935
4 12 4919
13 6 8707
12 20 7413
14 10 5330
8 4 1546
10 8 6584
6 12 812
9 3 1735
18 17 6216
13 3 6988
11 1 649
4 20 3625
11 4 4003
1 3 6376
17 15 3653
1 18 7291
3 13 3986
9 4 8474
20 16 6034
3 14 1277
19 15 7762
4 2 4149
16 10 1238
7 13 9981
10 11 1767
4 17 751
11 6 61
20 15 1888
8 9 1368
12 19 8397
19 9 1424
6 14 5889
11 4 2677
10 5 3405
17 16 9495
2 10 9337
7 2 6140
18 14 1093
3 2 1229
20 15 5760
13 11 8444
10 8 5371
14 15 5731
13 1 340
17 10 2345
3 5 2260
20 4 8087
14 10 9384
14 8 9888
10 6 1554
20 4 4772
12 17 4047
7 20 2460
7 6 1416
10 1 2845
18 19 1929
16 11 826
2 9 9087
17 8 918
5 15 2797
7 10 5545
7 1 8638
14 17 2611
3 18 7592
20 5 3973
16 6 2150
11 19 1541
2 12 6518
6 17 4853
8 12 8279
5 14 4596
14 19 7548
15 16 446
11 6 3267
10 4 8854
10 18 5380
7 9 1391
9 6 216
11 9 8359
7 15 1865
6 4 9939
14 11 4179
11 12 5642
12 7 6321
9 19 2403
9 6 1590
14 20 4730
10 2 3677
19 4 2705
1 12 3130
5 7 7555
10 8 8436
16 19 4395
10 2 3822
15 5 7225
10 9 7946
11 19 1786
11 8 5615
9 14 6718
10 6 4083
15 4 2135
12 18 3742
4 11 8909
17 8 3469
19 2 3180
8 6 529
7 15 844
7 17 5944
16 1 92
17 3 558
18 15 1802
4 13 1557
17 13 2348
16 1 7509
15 6 4698
6 20 5964
20 4 3710
19 7 2246
9 10 8172
17 4 4890
6 7 6900
18 9 283
6 13 7422
19 11 9565
19 6 7066
9 4 2307
14 18 1875
9 20 142
7 13 5358
1 11 8321
1 15 444
19 17 653
2 9 3904
17 19 5599
4 12 4198
13 2 6491
17 8 1961
2 4 2445
9 4 7251
8 4 3279
14 9 1612
8 2 1490
9 18 9025
1 19 6080
14 9 5019
19 11 891
7 4 2271
12 20 9022
15 11 632
20 19 4532
19 6 1857
14 1 384
9 13 5689
10 15 7700
20 6 6481
12 13 1999
4 15 2343
20 10 7438
3 4 2862
1 16 2067
19 8 701
9 8 1893
7 1 8813
18 20 6207
2 1 6276
16 4 37
11 8 7779
10 7 1791
15 18 8275
11 14 4219
15 5 9925
10 4 1410
18 5 2862
16 6 6348
7 2 8213
7 3 1956
19 3 758
18 14 7014
10 7 6511
19 14 6076
5 10 5842
18 3 9976
4 9 2494
15 7 3114
7 17 2633
16 14 4114
10 9 2415
18 10 1458
12 16 5007
1 3 3435
5 2 3878
12 19 2351
18 8 7773
19 5 9507
4 6 7878
1 16 7248
20 2 5878
19 15 3872
1 3 1958
13 3 3454
18 17 2499
14 17 2015
18 7 1104
10 15 1725
14 10 306
1 2 2070
3 19 7062
4 15 2053
17 3 5218
18 14 2069
16 12 4427
9 10 8362
16 14 979
20 19 9965
12 13 9516
11 16 7068
5 11 3600
18 20 4882
2 11 1156
4 6 8402
16 18 6201
1 18 4458
11 18 1579
18 19 5941
13 11 2620
7 18 4638
2 3 7374
1 2 7717
3 11 4035
14 2 7936
12 11 1279
14 11 8756
8 9 2450
14 5 3550
16 8 2465
20 10 9134
9 18 1558
11 1 7956
16 9 5799
12 15 534
9 8 6186
10 1 537
4 2 7870
3 9 9014
6 19 9741
14 2 2003
20 14 7721
6 17 6863
17 9 9154
10 12 4084
11 10 5398
20 15 3177
11 16 8071
11 16 945
3 6 5864
7 11 5853
11 1 575
18 15 7786
10 12 958
11 8 2735
17 13 6706
6 16 7514
17 2 1992
6 19 9295
19 1 4482
15 20 5492
2 1 6188
7 17 3572
5 19 7901
17 3 6466
12 5 6131
6 7 7469
19 1 4923
20 19 5517
8 14 4322
4 11 9322
11 12 2513
1 14 965
16 1 685
9 8 4267
7 1 1467
4 19 4786
1 12 5964
6 4 8238
3 19 8187
9 18 1516
10 15 2604
4 9 63
6 3 5740
17 12 1396
11 3 3810
11 9 536
12 18 9247
7 12 7835
10 5 7683
16 4 364
19 15 8355
12 8 9907
6 10 6727
3 18 3022
7 9 8744
13 2 5605
11 8 9615
3 16 3160
4 18 5123
4 11 10
3 5 2332
2 14 9713
3 1 769
3 18 9966
17 14 6347
16 7 4955
13 4 7634
2 20 6773
5 7 1343
11 13 1171
2 5 4318
1 2 3716
2 18 6974
20 18 2545
2 19 1108
7 14 714
20 11 860
13 11 4262
13 1 6926
3 7 721
9 13 8458
2 3 4362
2 20 9438
3 17 891
2 20 9072
1 11 4220
15 7 717
3 13 5619
13 17 2520
14 19 8109
13 1 574
19 18 6570
14 19 5626
16 1 2068
3 10 2393
8 15 1117
16 2 2384
11 18 8446
5 6 1355
16 2 1881
7 8 955
4 2 7373
15 18 6819
8 10 2898
2 19 8720
19 13 3677
16 1 5700
13 6 5967
5 3 9405
11 7 8741
20 10 8485
14 1 996
9 15 683
20 9 3823
4 15 198
5 10 8143
15 7 9999
10 17 9412
2 4 372
5 12 8070
20 17 1271
3 17 1644
2 20 3040
10 13 5150
4 19 1698
10 19 8005
12 18 4636
15 7 7375
9 17 912
7 16 1489
19 3 2984
12 14 1623
9 2 2763
4 15 261
5 6 5419
9 7 1884
15 4 902
13 4 6080
8 20 309
5 16 806
9 19 3364
18 17 8729
13 1 5363
11 10 444
6 1 2411
15 4 5244
12 19 6740
17 12 9374
7 4 7595
9 5 1623
19 2 4923
18 13 2947
4 9 8744
3 9 5984
14 12 6917
6 16 4645
1 13 1503
16 11 697
15 14 4301
3 14 2362
12 16 9144
3 2 7079
10 2 2493
19 12 7588
5 12 536
16 15 9375
8 15 8183
16 18 7019
2 5 2053
3 12 7827
12 19 1960
6 1 6921
18 20 2487
8 17 3692
12 16 9519
8 10 4209
5 3 4234
20 5 940
10 12 1545
4 5 53
18 16 8099
6 1 5157
9 13 6245
15 8 7271
17 3 2313
7 3 7636
20 11 2621
16 17 1321
14 12 2354
8 13 3329
3 20 650
9 14 7089
17 6 2010
18 19 1484
6 9 3066
5 18 9262
10 14 6091
9 7 4841
20 2 7157
14 16 6829
19 2 4473
9 20 1795
12 1 7825
8 6 453
