50 1000 20
42 18 104
1 20 104
29 9 102
15 6 105
32 28 101
42 46 102
28 37 101
5 3 103
43 33 101
17 19 105
48 27 101
39 20 102
18 50 105
45 4 101
23 34 103
15 42 101
4 19 107
45 13 107
38 10 103
42 30 108
17 36 100
43 39 106
41 43 104
49 47 105
41 30 100
1 7 101
44 49 109
24 35 104
7 41 106
27 32 108
45 40 106
24 38 108
19 33 109
42 34 105
40 9 104
31 28 106
24 37 101
46 25 102
21 30 107
24 48 102
37 41 101
37 6 107
6 25 101
3 1 100
42 25 106
31 8 101
8 38 107
38 4 103
46 10 109
9 22 108
23 47 106
31 14 108
1 42 102
6 11 109
25 38 108
34 46 101
3 1 101
37 25 100
47 22 108
50 19 104
32 35 103
50 19 108
1 39 107
18 29 103
49 34 107
22 11 107
14 15 109
17 36 101
1 50 109
7 49 103
25 9 104
10 40 102
46 36 103
44 24 107
15 4 108
1 9 108
31 47 108
32 40 108
10 8 102
23 39 102
39 30 100
8 9 101
16 39 106
12 3 104
23 6 108
47 13 106
26 34 109
43 45 106
32 49 102
2 22 109
8 27 102
40 26 102
1 11 103
20 12 108
2 40 105
24 3 105
33 36 108
27 18 107
20 5 101
40 27 109
19 43 105
6 35 109
42 13 105
11 19 103
40 24 109
47 38 109
50 38 106
50 44 105
48 17 106
6 39 102
6 35 104
2 17 101
37 14 103
6 36 103
13 9 102
46 14 106
22 9 106
33 32 104
47 23 109
12 36 100
24 17 104
10 43 109
4 25 104
11 46 109
37 14 104
23 19 108
38 6 108
42 3 105
28 15 104
25 35 104
23 10 103
21 38 107
19 28 103
21 14 108
43 36 102
31 14 107
3 50 107
26 44 104
24 23 101
32 4 102
6 44 105
32 43 102
23 37 104
1 38 100
14 25 100
21 36 103
12 11 106
18 36 100
41 45 105
25 20 105
27 45 108
3 22 106
29 44 101
35 19 104
20 3 100
38 11 106
11 8 100
16 27 107
44 9 104
10 33 106
16 38 107
25 26 107
30 29 103
21 3 102
24 47 107
12 46 105
15 11 102
17 31 106
12 22 101
48 4 100
41 25 108
14 41 101
13 30 100
14 9 108
16 8 107
1 9 109
4 11 107
25 28 108
14 38 101
1 11 108
44 35 105
41 12 104
36 7 102
1 24 105
7 17 106
8 27 107
38 22 109
12 47 102
18 13 107
47 36 101
24 30 109
16 10 102
47 6 103
13 35 104
5 23 107
20 33 103
8 34 101
36 18 108
26 39 103
43 5 101
42 26 109
26 22 100
27 35 105
34 1 108
30 2 103
35 38 104
7 44 106
6 13 108
32 1 103
42 6 105
43 13 101
28 25 108
3 44 106
24 41 103
26 23 108
11 18 102
13 46 109
32 41 108
36 41 107
40 41 105
4 15 101
41 45 108
36 10 102
6 15 101
4 30 105
9 43 107
50 7 101
28 18 101
30 41 103
25 2 107
16 34 103
43 25 101
43 10 100
29 28 104
26 37 108
21 38 107
5 4 101
14 7 103
11 22 109
41 15 102
20 14 101
5 19 102
1 6 105
40 4 102
49 48 104
49 22 104
14 26 105
13 47 108
20 13 109
36 40 104
16 41 105
9 19 100
2 24 102
23 3 107
21 14 101
4 24 107
1 20 105
16 29 103
48 39 103
38 10 103
50 32 108
43 9 100
22 9 104
39 47 100
50 44 100
21 49 107
37 34 105
27 36 108
4 30 104
49 24 109
8 17 104
6 19 106
12 26 105
2 50 106
35 16 104
43 26 103
43 47 108
23 27 106
24 30 104
6 27 102
26 44 105
42 15 104
7 3 106
39 33 105
16 32 100
42 26 101
38 37 100
1 13 104
44 4 106
3 9 102
34 5 103
35 4 106
49 25 107
14 10 108
1 31 108
9 1 105
12 15 103
27 44 109
3 12 109
49 33 103
25 21 102
24 32 109
29 10 108
20 22 103
46 32 104
43 36 103
49 40 102
39 38 100
12 35 108
12 10 103
16 20 107
20 9 100
22 15 107
16 6 105
31 40 102
39 33 104
36 11 104
25 31 105
2 42 105
30 11 108
24 39 107
33 7 109
14 9 101
41 24 103
29 35 108
1 22 105
25 22 103
18 4 105
19 26 106
30 1 108
10 44 106
31 17 109
18 29 109
15 22 105
27 17 106
27 17 107
32 15 100
37 22 102
22 15 109
16 3 103
25 42 105
13 24 101
7 19 108
3 8 107
32 13 106
31 15 109
35 7 100
44 47 102
5 46 108
49 42 102
32 15 109
9 23 104
46 3 109
30 39 103
19 17 109
49 37 106
13 34 108
23 47 102
38 26 107
9 3 107
49 31 102
1 29 109
3 49 102
41 16 105
13 18 106
48 19 107
29 2 106
31 50 105
9 30 100
41 11 107
13 6 105
43 12 104
49 47 104
47 39 109
39 14 105
16 22 105
16 29 104
21 6 104
8 13 101
25 50 109
31 24 100
34 26 100
38 37 107
29 44 106
42 50 105
6 38 104
38 24 104
21 9 108
32 36 102
24 3 104
47 23 109
41 25 109
44 12 101
40 20 105
6 36 106
1 16 109
15 17 103
25 10 100
46 24 109
12 23 108
9 32 108
27 11 102
25 30 100
3 33 101
46 15 104
15 3 105
11 25 102
22 23 107
28 40 105
46 45 100
44 5 101
13 23 109
29 13 102
18 9 105
9 24 109
35 5 106
20 9 105
7 17 100
18 43 107
33 7 104
48 22 103
23 32 106
34 49 103
33 19 106
21 12 102
7 41 105
25 37 107
20 44 104
28 19 108
42 47 103
29 28 106
22 48 102
4 28 108
46 9 105
39 38 103
14 2 100
29 12 100
50 43 104
20 32 105
18 14 103
35 23 102
31 2 102
21 3 104
32 41 103
38 24 109
46 20 107
43 11 102
9 27 107
21 29 101
9 14 100
34 37 102
11 23 108
35 42 108
4 18 105
39 32 107
1 15 108
9 12 103
7 8 108
40 36 105
26 37 106
34 11 100
49 29 102
34 41 106
36 11 109
38 43 102
29 3 109
9 3 107
33 36 108
15 48 103
50 16 101
40 1 102
49 24 101
25 34 101
1 5 100
48 20 100
29 32 104
41 38 109
26 34 108
43 44 102
12 11 104
41 48 105
30 41 105
42 43 100
50 29 109
22 28 103
44 21 107
41 33 108
10 19 109
10 50 104
23 31 108
18 9 107
4 21 107
47 25 102
12 20 101
7 41 103
34 17 102
3 42 104
14 13 106
11 16 104
50 37 100
49 33 107
35 41 107
7 21 101
33 50 103
9 6 101
46 47 106
30 9 107
1 8 109
32 46 108
27 4 109
35 16 103
9 23 103
30 15 108
6 42 103
23 49 101
37 45 106
28 18 109
17 25 101
20 13 106
44 42 105
50 8 100
3 37 101
38 27 102
6 34 104
31 48 105
16 14 101
29 41 101
48 46 100
26 40 100
50 34 105
15 33 107
33 47 107
23 33 100
42 32 107
6 30 101
39 2 107
9 47 106
10 40 102
17 37 105
29 15 100
4 28 108
4 12 101
33 6 107
7 3 101
47 32 101
6 48 104
19 36 106
25 10 108
25 4 102
36 44 108
4 33 107
31 27 108
1 2 101
50 6 103
17 24 101
46 24 104
1 4 101
38 50 100
44 16 102
30 32 102
27 32 107
41 22 105
23 33 109
21 16 101
9 44 106
29 49 106
22 17 106
48 21 104
30 39 109
35 20 108
18 16 106
35 19 106
29 48 108
41 50 105
37 50 100
11 22 103
16 36 108
31 32 107
38 45 106
8 11 107
25 32 102
22 19 103
36 38 101
5 28 106
19 23 103
1 43 107
6 40 107
32 44 104
38 12 103
18 2 102
48 16 103
5 35 105
26 22 104
32 23 106
7 44 103
19 12 103
19 2 106
30 19 100
32 34 109
14 10 103
37 46 105
25 21 105
31 27 105
26 22 108
10 7 102
33 6 100
26 13 105
13 31 106
48 3 108
31 41 106
9 44 100
47 25 103
48 31 105
23 1 107
6 17 101
39 32 108
16 47 105
10 13 106
6 13 103
43 22 102
13 49 108
19 18 104
1 41 105
10 20 105
4 41 109
50 6 101
12 32 102
4 34 109
38 43 103
34 21 104
19 45 103
30 3 104
20 21 105
48 45 107
24 41 109
41 39 100
22 46 101
21 34 109
6 29 109
7 13 105
38 47 103
39 36 109
44 41 102
16 2 105
8 18 109
35 22 107
49 46 107
19 39 104
23 14 108
15 2 103
41 5 101
28 48 102
22 14 101
14 22 105
22 46 100
46 42 102
13 2 105
6 44 108
30 33 108
5 23 107
46 39 104
41 40 104
5 24 105
29 25 101
31 34 103
45 31 106
38 46 105
17 1 109
39 14 105
48 10 100
25 9 107
25 21 102
44 6 104
12 7 106
35 26 102
20 42 102
35 30 109
34 18 106
26 19 107
29 20 107
38 42 106
46 11 101
44 33 106
31 26 107
35 25 109
41 27 101
2 30 100
25 23 101
40 38 100
40 44 103
14 32 103
6 27 109
46 40 108
49 34 109
16 22 103
27 23 108
29 32 109
29 42 103
44 35 103
50 3 107
3 42 107
47 42 107
14 1 106
41 13 105
27 11 107
33 11 109
6 25 103
23 46 106
11 39 108
12 46 107
26 18 109
43 14 107
3 18 109
24 27 103
49 2 100
37 9 107
7 6 101
13 20 105
7 32 105
45 42 103
39 16 100
20 23 101
26 43 109
1 5 108
36 8 103
44 41 103
1 34 102
22 12 100
39 42 108
48 3 108
30 3 103
41 3 108
23 46 105
9 12 102
45 50 108
29 43 107
42 48 109
46 31 103
15 11 101
36 24 104
13 4 102
20 5 109
3 25 109
31 45 104
50 19 105
14 3 103
21 32 107
12 20 108
49 4 102
30 4 103
23 39 103
35 1 102
41 12 102
2 31 107
17 27 108
21 16 108
49 30 105
8 34 102
3 13 100
21 23 103
42 37 108
43 49 107
50 16 109
33 20 101
4 31 108
32 40 102
31 23 104
8 46 108
32 41 100
28 22 106
10 44 100
34 38 103
31 25 103
33 4 101
41 13 107
48 2 103
41 18 100
4 17 103
12 10 105
37 2 105
2 41 109
48 34 100
9 22 105
32 38 101
38 50 104
30 39 100
31 12 108
6 41 108
10 23 108
11 49 105
32 15 107
44 47 101
47 39 100
39 27 105
18 22 100
3 9 103
6 16 106
2 35 109
44 49 103
43 44 103
38 4 100
12 45 108
28 49 109
49 30 107
50 32 109
26 49 109
37 50 103
44 32 104
12 35 105
18 17 103
5 17 103
9 24 104
43 18 108
20 31 101
15 41 107
44 5 109
25 46 106
9 40 108
10 40 107
41 19 104
26 27 109
4 17 102
41 21 106
46 42 106
2 10 107
34 36 100
1 37 105
32 29 102
28 13 104
16 23 102
36 29 106
40 29 103
26 16 100
46 29 101
6 21 107
24 35 101
26 37 104
2 38 100
25 41 106
22 31 105
46 33 105
19 24 102
38 49 105
13 18 102
40 48 106
4 32 105
40 9 109
46 45 109
46 23 105
13 23 103
31 39 107
43 9 103
28 26 104
2 29 102
20 37 108
40 39 101
27 14 107
26 25 101
1 12 102
3 49 105
35 17 107
8 44 104
45 10 101
9 44 108
28 20 107
15 24 105
23 30 101
37 8 109
1 3 103
42 30 108
28 49 104
34 36 108
21 13 109
35 10 108
24 36 100
25 44 105
13 16 107
8 28 104
5 41 104
42 22 105
35 41 102
49 37 108
22 25 107
27 5 109
9 28 103
19 17 102
39 1 109
19 41 104
40 7 108
33 29 104
38 40 104
21 28 104
39 42 108
43 3 101
5 47 106
10 34 108
12 34 106
5 36 102
43 11 101
21 44 108
38 14 103
42 35 105
7 12 102
12 10 101
39 21 104
35 2 101
40 9 101
41 14 102
6 11 103
23 3 106
44 24 106
2 26 108
33 12 109
4 30 107
43 2 103
43 21 109
23 8 104
6 41 103
13 10 107
39 11 101
22 5 107
15 24 109
40 17 107
7 33 100
40 17 102
34 11 103
6 42 109
37 38 109
43 18 105
7 39 102
5 17 103
11 20 101
39 18 106
49 15 100
4 8 109
17 23 102
8 14 100
48 44 100
18 44 106
15 27 107
35 21 101
43 15 104
17 44 104
26 1 102
1 2 106
30 44 107
40 12 105
23 35 104
12 14 104
47 39 108
8 31 103
15 25 106
38 32 108
12 43 101
33 24 101
42 12 100
49 20 101
1 30 107
18 15 105
42 37 107
29 4 109
24 32 103
20 17 103
18 36 102
31 8 101
18 11 106
38 22 107
46 15 108
22 48 105
43 12 107
6 4 101
31 41 100
26 21 100
28 49 106
5 40 101
45 39 100
19 20 109
28 10 109
30 17 100
47 4 108
31 44 106
50 5 102
11 45 104
34 47 109
22 29 109
42 22 108
17 34 105
21 30 101
11 9 102
13 7 108
30 48 107
39 20 103
41 46 106
34 10 107
18 35 103
36 9 103
17 2 100
45 38 104
13 48 101
46 18 102
