1000 5049 5049
2 8 6599
15 1 15773
10 5 19332
3 5 1862
2 8 28301
2 12 18494
16 3 12042
8 17 30650
12 5 23645
3 14 4238
13 3 13083
2 17 7620
19 16 30668
8 7 10464
12 19 28817
10 13 32611
8 20 32043
16 15 12620
4 12 18414
3 14 30881
14 5 8109
2 12 31307
14 9 18848
8 5 4807
3 18 21453
18 20 13697
4 2 29572
10 19 23501
17 16 6378
11 3 10457
9 7 26536
1 3 21012
5 9 1588
7 6 6103
11 10 85
7 2 14424
14 9 7884
10 4 22314
5 15 25933
17 1 26080
7 17 12583
12 9 16001
5 20 1617
7 4 26359
18 19 17844
19 3 27808
10 2 7910
14 16 416
20 19 24766
5 11 4531
18 7 10073
14 7 29318
2 6 7059
5 13 13282
11 10 22273
18 14 30258
18 13 22758
7 11 8741
2 17 7108
16 8 29312
16 15 6258
12 13 2394
2 5 10972
7 11 21588
8 12 11744
8 18 24469
18 8 3803
14 4 30089
6 10 24299
10 19 6583
2 9 22253
3 7 7978
7 11 11458
14 9 24386
1 12 19294
3 16 31717
11 20 19629
5 18 12395
9 4 19292
16 2 3772
3 11 5108
12 17 12913
15 1 14333
17 2 510
9 20 23293
9 5 5678
2 15 4228
14 20 25206
1 9 7092
9 14 19692
9 4 9184
8 2 6882
11 18 20271
14 15 32633
10 17 31605
16 12 17319
1 10 20115
20 17 31614
19 4 25375
5 9 6850
20 21 15153
25 30 2828
30 23 12916
36 26 14338
34 24 12789
24 28 27256
35 24 15178
29 21 20852
21 37 19969
39 22 20585
30 39 378
30 38 9247
33 23 16021
39 33 15407
39 40 8163
31 38 21746
39 32 29746
36 29 32342
37 32 32433
23 35 24059
33 36 10495
29 27 12155
23 27 16095
36 34 23514
30 23 18539
25 37 2399
22 39 32506
23 32 20340
22 40 31252
38 37 22074
33 30 23848
36 33 10220
21 31 21480
24 30 27218
22 29 23146
22 30 10447
36 24 30601
23 26 23499
23 26 798
29 27 142
30 35 7926
22 30 27841
37 30 200
29 33 9010
26 36 23657
35 30 23444
22 33 30993
26 21 15691
39 34 4475
40 24 3459
40 37 24080
28 30 21289
30 38 24974
27 30 18301
34 36 5065
38 37 24655
27 26 9068
29 23 26931
36 35 3827
35 22 2853
37 32 5676
27 24 24178
34 36 20735
26 34 16621
33 29 23894
33 26 15024
34 37 25941
22 39 19960
27 23 2119
22 25 13029
37 23 17377
30 22 17946
36 31 10454
34 27 27036
25 40 15566
33 40 20827
34 25 15671
35 31 16713
26 30 20881
27 34 12527
35 23 28960
29 39 10461
28 26 7978
39 32 4201
23 26 31275
38 35 5784
35 25 15782
33 40 30507
34 31 4988
28 38 9502
39 38 14569
34 31 28193
24 29 23715
33 26 1742
23 21 1706
34 28 11695
23 40 8131
28 26 17231
24 25 7615
24 33 26599
24 33 17140
40 41 29547
46 54 4763
46 52 768
53 43 26855
43 47 28449
45 41 23829
48 41 22531
54 55 1225
56 54 8693
52 41 11115
57 48 18888
46 51 25961
41 55 31115
56 45 26246
60 46 18465
57 55 31644
59 43 8820
52 47 19327
59 54 4949
52 45 24545
59 45 1864
60 53 15971
41 48 21456
41 47 23361
51 58 17909
51 56 14899
57 48 23064
44 59 30585
45 50 3926
43 47 559
46 48 6915
58 55 23131
46 48 9480
50 49 30804
44 41 15400
44 57 28786
58 42 27001
56 46 15652
45 41 17555
43 57 10981
51 47 13889
52 48 31909
54 41 17853
51 45 21661
49 44 27830
41 52 3244
43 50 4283
41 54 17066
46 48 29882
58 41 16475
59 60 19381
44 41 25571
58 45 7640
58 49 5353
54 48 31642
42 51 29645
41 49 5776
54 45 7073
46 41 22034
52 45 21695
56 57 28142
53 51 17710
44 46 28596
47 58 21827
47 58 21346
58 52 29205
50 42 6778
57 43 25790
58 53 2251
58 57 27779
46 42 2161
44 50 31572
50 46 15061
60 53 12105
57 56 1717
54 43 14598
45 55 13189
55 53 7717
58 50 25757
53 44 29
48 44 6930
52 56 4931
48 49 23347
56 59 3788
44 43 15095
55 52 26115
42 56 2279
60 46 23569
42 51 30534
47 55 20221
46 44 21892
51 59 15324
60 42 29247
54 55 19779
58 55 21090
57 54 3699
57 46 3617
43 49 28901
42 41 27358
54 42 32533
52 58 16704
60 61 11963
65 79 30983
73 64 5597
77 74 28760
61 74 8542
76 73 4762
79 71 8426
78 73 17185
73 76 23416
70 72 8753
61 69 14525
66 71 10019
78 70 12094
71 66 8375
74 75 25570
72 61 29900
65 79 3898
76 80 799
73 66 7635
65 62 27328
64 70 27726
76 69 12373
73 78 17689
70 77 29552
62 68 13558
68 62 4981
70 61 13492
74 75 26862
62 78 22989
76 64 7740
74 73 3261
65 62 19200
73 80 31571
71 69 20412
68 65 28234
76 67 7027
79 71 9453
65 64 4947
62 64 11922
67 64 21681
71 72 14637
70 61 3037
65 63 17746
80 74 11926
72 65 29524
79 73 7977
71 66 31343
76 80 9600
64 63 8725
79 68 21930
65 69 5852
72 65 30629
74 76 32668
66 73 25199
67 79 7358
70 63 3242
80 66 19151
70 65 26453
66 61 19150
66 69 31601
79 71 1492
62 64 18812
73 68 28415
71 64 8754
62 64 32211
64 68 10743
61 70 19554
76 66 1229
69 64 32765
68 69 22216
64 78 6214
70 64 25950
70 62 24525
69 63 18443
69 61 21155
62 79 19218
75 69 12941
67 71 32113
70 64 32185
71 61 27450
69 68 25629
77 64 20464
76 67 30964
66 79 10398
74 70 2288
65 69 3001
64 80 787
78 67 7444
65 76 4439
79 67 26219
72 66 10121
76 62 24913
70 77 16898
65 76 9606
65 63 6947
76 74 1790
63 77 5571
69 73 2338
74 70 19436
65 66 30991
67 73 27798
80 81 20193
96 94 10318
86 97 13904
97 82 11231
97 93 24866
97 99 24953
83 96 6720
96 92 13298
91 82 1655
86 92 11529
98 87 10275
83 95 20184
97 93 9562
89 83 18914
94 95 3155
84 95 31825
84 97 28699
89 85 19551
98 94 18391
90 89 16149
91 96 3357
82 85 30125
84 97 14902
84 90 20319
83 82 3906
90 89 6769
83 94 32141
95 81 22188
83 84 21156
92 90 23729
99 100 18656
89 100 6336
92 84 4486
86 82 15601
85 93 19630
86 94 11755
99 90 17802
83 99 18076
98 91 15816
82 95 12938
89 82 10532
100 94 23462
96 90 611
98 90 4048
99 81 27982
92 85 25456
98 96 13675
91 100 16839
93 89 30589
83 95 24812
86 91 29722
85 95 16017
81 96 15316
92 82 13313
96 100 10698
91 99 25332
94 89 1944
98 93 2609
97 90 19975
94 89 2070
82 91 20453
89 85 17017
99 81 18665
92 86 9860
95 92 22687
94 88 18552
94 96 29088
89 86 10873
97 90 18346
91 99 10964
90 94 23377
87 81 23902
97 90 30814
88 89 28890
100 85 25633
82 86 2189
87 97 9013
97 87 29540
87 88 14991
82 85 13658
81 87 11719
82 83 15616
82 85 19718
90 96 11860
83 94 14073
85 82 13646
86 83 22450
84 92 9672
87 89 13169
99 83 7082
82 93 1172
97 91 9607
95 90 11853
85 97 5387
91 94 20945
97 93 11241
95 86 532
92 93 20779
92 95 12880
100 99 6674
83 85 7660
100 101 2793
116 113 7299
110 120 22388
119 104 11022
119 107 26603
120 119 31621
107 117 20117
103 114 9848
119 103 31623
107 113 13926
118 106 10003
108 119 17121
103 108 28900
119 111 16835
113 101 24805
119 120 9970
113 109 8284
103 101 28569
103 108 13539
117 118 23475
119 118 5157
109 112 29018
117 111 24201
110 106 32580
119 110 16433
101 108 16449
103 116 13048
116 113 4045
102 115 29010
119 107 24547
115 107 10557
109 110 25271
119 104 14242
102 116 12040
116 109 14294
115 111 7197
106 105 20514
118 103 15032
102 105 11122
111 104 14973
111 114 20897
106 111 18329
118 117 23289
118 119 2740
114 117 8416
115 105 1400
112 110 23756
116 106 6185
118 105 28659
118 104 8485
105 111 8526
102 106 27976
113 114 19690
113 115 10372
117 107 5795
117 113 14386
110 101 945
115 120 29921
104 112 14776
102 110 10162
120 106 22325
117 111 3972
116 110 14467
105 107 5236
114 115 21960
110 101 17541
116 114 2444
110 102 19057
113 109 19655
119 112 22498
109 107 7340
111 103 1710
115 120 8058
111 113 4303
103 112 2324
116 105 32038
115 105 1339
103 116 3917
101 115 23698
113 102 31492
103 108 29403
118 110 8190
106 116 28688
115 111 30998
104 115 13121
102 113 568
113 120 25950
109 113 12927
103 108 29524
109 116 21592
109 104 12849
120 115 5036
105 107 17692
120 119 6745
106 107 23659
107 101 5513
108 113 24099
108 113 4773
117 115 19356
108 102 22772
104 103 5410
120 121 19754
132 137 21449
124 129 5746
124 123 25305
139 137 14513
121 132 23917
123 137 13856
131 126 27199
125 127 6763
138 130 20158
124 135 9197
138 129 19419
129 132 9165
137 124 6705
129 128 13319
127 132 18546
138 133 6814
124 128 5696
129 126 11155
129 126 30434
139 138 18255
124 134 619
122 131 16801
129 132 4430
131 130 7562
133 135 23933
130 122 11359
126 128 7547
135 133 21261
133 131 28944
122 123 3724
131 123 29818
125 122 22713
131 124 13907
138 124 22832
140 136 28040
130 128 27110
123 131 30731
123 139 30091
127 128 12338
131 129 9722
132 139 21976
134 121 19275
124 127 29117
123 131 26682
133 129 3258
135 122 30466
139 124 8644
128 126 20960
139 122 10451
138 131 17622
135 139 18979
139 122 14957
124 137 1135
128 139 17275
130 136 9748
126 136 31296
134 121 14401
131 129 862
129 133 13464
134 121 17256
127 136 24815
131 140 22051
138 133 18969
123 129 31927
133 130 24018
125 135 8786
129 133 25933
128 133 21271
136 129 27895
125 138 8013
124 130 19293
136 122 29985
130 121 18537
133 129 3462
124 132 12103
135 134 11500
132 121 10418
135 131 16110
138 140 26753
121 139 19491
132 125 20639
121 128 945
140 126 31967
124 139 7771
133 134 1604
133 132 20256
121 135 438
121 138 21923
126 130 7488
121 126 10478
132 133 6210
131 130 9564
139 140 30274
132 138 16032
121 138 2373
127 137 32587
131 123 6092
139 140 10559
139 130 17393
140 130 9964
140 141 17463
145 153 15184
141 149 17416
148 149 3849
158 144 12536
151 148 27398
157 155 9026
143 152 13708
160 142 17185
157 151 11445
157 153 23023
153 142 29074
155 154 29995
143 157 20874
141 156 29405
145 160 26560
157 141 18930
159 153 15994
148 145 13948
141 158 6362
147 151 28929
142 143 3960
150 144 4416
159 146 16017
142 156 16
160 159 31467
158 151 14663
148 150 27293
142 156 26059
159 157 2399
154 160 22332
145 146 7180
154 149 31189
153 144 30074
150 155 13947
149 156 16090
152 154 19981
143 149 18482
152 147 16501
145 147 18881
150 157 9488
155 152 1342
150 153 18262
147 154 28242
152 156 12799
150 158 31690
141 153 25574
157 152 3909
148 147 1410
143 156 3951
144 155 27309
141 158 28942
154 142 19468
159 141 3426
152 148 15451
146 151 22705
156 150 16737
151 150 25068
154 146 30055
155 143 3286
148 153 32086
157 148 16922
151 142 16629
152 148 27936
146 160 32216
142 159 7605
152 148 21245
149 147 5051
157 160 4656
150 143 28020
156 149 19882
155 141 13620
154 158 2949
149 144 12657
142 152 5632
143 156 12942
158 147 22179
153 142 13274
157 142 23490
142 156 4498
148 145 25339
159 156 25577
157 155 22675
160 159 20326
155 154 31466
143 156 23830
144 149 2651
154 153 16737
148 141 28990
147 159 28299
151 142 27884
142 160 30750
156 144 18422
157 154 14040
142 146 30438
154 155 22735
151 154 13385
142 148 10216
160 151 24023
144 146 24788
153 150 9194
160 161 1843
162 173 26023
177 162 18317
168 171 10123
172 166 15926
170 161 16180
166 172 29292
179 174 26272
167 179 3872
169 167 14905
172 167 28494
177 178 101
161 175 463
170 169 20084
170 165 26891
170 179 32290
178 176 7418
167 165 16392
169 167 19019
169 178 15021
179 171 16304
180 166 25376
167 180 668
161 171 25393
172 174 12033
176 166 17109
179 161 8642
172 168 29999
168 165 11259
167 168 12114
161 168 15694
175 172 24002
173 172 9688
169 174 30517
166 178 21619
172 165 7719
178 167 23669
169 163 20537
174 161 9748
163 178 6524
179 169 1798
176 170 13074
168 162 11553
174 165 28616
168 162 21257
174 178 11929
162 163 14116
168 166 2620
174 165 20344
165 176 30249
166 162 18711
165 162 15545
173 167 6211
177 164 12105
174 161 18041
161 169 8338
172 174 22013
169 172 17035
177 180 3745
169 161 3218
172 174 26069
180 164 13236
180 174 1105
177 176 20033
166 175 15817
161 176 17692
161 177 13198
176 166 2147
172 169 24854
180 177 27224
163 173 2479
166 161 23234
176 163 30963
166 163 19991
161 177 21429
178 163 14125
169 161 25982
161 177 28490
179 174 30426
161 167 1985
175 174 23287
178 161 6536
176 173 5997
161 168 2663
176 167 24364
162 169 15536
162 169 8668
176 177 1438
166 170 15156
173 177 26576
176 163 27155
164 163 14971
162 163 13664
173 169 27461
179 169 21764
178 175 14317
176 180 10095
170 176 26148
164 161 16519
166 172 29510
173 174 17665
180 181 17113
194 190 7525
188 183 18935
194 184 9807
181 195 26382
199 185 28591
184 190 20635
193 185 27416
190 191 6863
186 188 10581
195 188 4920
187 197 2527
184 181 27371
200 191 4851
189 191 10945
192 186 8019
182 191 2717
184 190 14062
196 199 19423
200 187 21007
183 196 30827
188 197 704
194 189 13040
196 200 7811
194 191 27215
183 186 4752
182 186 4433
190 195 7986
192 198 17685
199 186 23302
198 199 24536
199 185 9503
193 184 8964
189 185 9565
182 184 15013
191 185 13441
182 188 11712
198 193 4538
192 184 10779
182 184 14782
182 186 20335
182 186 5052
191 196 32041
182 183 2711
193 192 32539
194 199 7508
200 183 6350
189 195 1952
183 188 11351
186 199 27607
185 191 24796
200 195 29172
185 184 3622
186 199 11089
185 182 7676
191 194 18726
184 195 22808
191 187 25629
188 186 1266
186 197 17787
191 190 8374
199 184 26290
196 198 17186
190 191 16982
185 189 26656
198 195 10688
181 193 13395
194 196 11507
195 182 9717
197 187 20092
185 196 9652
183 200 19288
182 193 16243
185 200 16183
200 184 18972
188 197 28553
186 199 16096
198 189 7222
200 198 17302
198 192 27388
197 196 18728
181 182 27326
194 193 26141
197 181 22092
196 188 5831
185 195 14958
200 191 6052
197 182 305
192 190 29673
191 195 13522
193 192 29018
190 188 7856
191 200 3024
184 182 19252
184 186 1579
197 200 399
196 200 887
189 199 30389
184 200 29322
196 182 32012
194 187 10101
200 201 16029
203 219 6510
209 202 15823
220 219 12579
212 204 30960
204 215 12954
204 210 12060
203 208 26369
203 202 31042
208 207 3618
212 218 16461
214 201 7254
217 211 8651
203 216 12587
207 211 7808
218 203 21527
201 210 2750
206 215 12274
204 203 13965
216 207 2826
201 219 13271
209 212 26896
206 208 4923
206 208 27947
210 203 29747
204 208 1532
203 218 27571
220 204 31311
207 204 7269
209 212 25809
211 217 30260
219 208 24071
217 206 32454
212 203 20305
220 216 21257
217 212 32455
216 205 21004
212 204 9002
209 216 9144
211 220 2120
213 212 8735
204 214 20345
216 203 8829
210 201 29994
215 219 17192
206 218 19341
211 204 19958
211 214 23518
203 212 31466
212 211 27373
219 202 32032
219 208 707
213 219 21589
220 203 12956
204 211 28546
203 209 32655
203 216 20824
216 209 5019
202 203 11688
215 220 26097
209 219 28408
203 218 11952
202 208 19923
210 206 18805
201 214 12191
205 211 1382
202 206 28911
214 205 5799
203 204 8118
203 210 15445
215 210 3013
213 215 1915
210 211 2165
210 219 21155
206 204 20594
213 214 14060
211 212 17658
208 212 29387
210 219 19480
219 204 6116
213 220 28057
214 204 16541
203 209 3283
204 215 21340
211 203 19828
201 212 18567
213 212 25583
201 218 20932
219 201 22091
216 209 29714
219 220 6232
216 218 29605
204 203 1685
201 211 10159
203 214 7505
202 207 15749
209 218 30159
218 213 28084
219 208 8553
210 206 31499
210 213 31508
220 221 21154
240 222 2475
224 231 7523
229 232 8686
230 233 22185
231 233 11542
225 228 22756
236 229 24940
222 231 6254
231 238 25677
232 237 17904
240 224 18804
221 234 7435
238 234 16783
231 235 2332
234 223 6747
224 222 22871
231 223 1256
228 238 18065
232 224 31411
231 238 24681
221 224 8361
227 224 25779
222 240 16228
226 227 23383
232 226 25111
222 221 25088
230 238 31231
224 231 11843
239 222 4704
236 222 16954
228 232 16718
228 240 28313
225 240 9171
239 221 22216
231 222 26672
239 226 3730
221 229 16207
240 223 26202
239 221 5795
239 236 25085
222 235 17916
228 234 30668
237 222 31011
227 239 24638
231 239 6970
237 236 17485
238 232 31283
221 233 18327
239 234 19159
236 226 5312
227 222 14905
235 240 1446
234 229 24453
234 233 3682
238 224 14734
231 232 2351
235 229 32139
228 239 12973
230 229 26838
240 228 24860
230 232 5562
230 236 5757
239 230 5005
237 240 19650
232 235 17571
222 235 5234
226 228 22755
237 234 8550
225 227 12807
234 229 32405
224 225 9930
233 228 10496
229 230 1167
231 232 4926
235 231 27469
228 224 24126
225 240 15805
235 236 14645
227 239 28707
230 239 10700
228 221 4643
239 225 18199
236 227 5252
230 224 1235
227 233 4563
221 231 23035
237 236 22843
222 227 9408
232 230 13590
228 224 32598
226 231 29437
231 227 5190
236 222 8545
229 223 13852
238 223 22265
225 226 23974
226 229 14980
227 230 2856
239 224 30128
221 226 10798
240 241 21541
259 242 21726
256 241 6151
248 254 31487
255 252 5997
256 257 21007
255 242 4762
258 251 24340
255 251 28929
257 252 12316
241 256 17236
246 243 19072
246 259 6964
254 253 15455
258 259 3389
246 243 29431
258 253 6267
260 248 17606
247 244 18066
252 256 21904
260 259 12833
250 246 27585
255 260 19739
246 253 18889
256 243 20283
253 254 29535
241 259 13497
258 243 17868
249 244 14303
258 246 17332
255 242 17471
259 243 14321
250 257 6289
259 260 12413
259 242 13442
247 244 6531
258 256 23038
245 242 16903
241 242 26036
249 256 7879
245 257 8429
258 248 1356
254 245 32493
245 260 10298
242 259 2674
244 249 10079
258 260 11275
258 242 22811
252 245 30820
244 256 24587
253 250 28092
242 256 30505
256 257 530
258 260 28599
241 253 12249
254 242 30638
250 249 23858
248 259 13453
255 254 6646
246 259 23996
251 243 21274
250 245 6876
250 259 20023
244 246 19895
241 245 5683
254 246 27834
253 246 2661
258 245 31251
245 251 2986
255 252 17645
242 246 24384
255 251 19807
243 259 23912
247 259 10508
242 245 29207
258 257 30083
255 250 26693
249 248 3809
254 249 31895
247 243 13382
259 241 23160
260 259 20754
251 245 32481
260 257 6419
249 253 5714
259 255 22272
248 260 22495
255 241 2044
248 255 11565
249 242 29680
259 243 14295
243 242 12799
245 247 1695
257 250 16745
254 249 8512
242 254 25224
247 245 2035
246 243 30940
243 241 27605
242 241 17976
244 259 20441
260 261 4235
268 274 32233
264 272 3813
275 276 23132
277 262 8099
273 272 12282
280 272 6370
279 271 8469
265 268 19883
268 265 3720
272 262 30080
270 279 2974
262 271 20770
274 273 28199
276 261 32468
274 273 17482
263 277 16740
264 274 1492
267 272 22715
276 269 17683
273 262 16334
270 264 901
270 268 796
273 272 12500
274 273 15394
271 280 20228
273 268 24941
275 266 19641
261 264 22573
263 270 28412
268 279 23417
261 272 11763
272 275 11943
268 275 17492
264 270 31584
270 267 28592
268 277 346
273 271 4029
280 267 11487
263 264 1354
261 274 4743
266 272 30087
280 267 465
268 270 31934
263 278 11653
266 277 29625
269 273 8182
275 267 17761
274 261 8875
280 272 32352
279 268 15348
277 279 20174
275 261 14960
274 268 13863
270 277 17819
268 264 5155
261 268 25553
274 271 27944
278 264 10605
277 275 26477
267 278 8691
275 261 28162
272 273 19294
265 275 4448
267 274 32010
265 276 14636
261 273 7896
261 272 6476
277 280 31353
264 278 11401
270 262 2
266 273 18764
275 265 24635
262 264 18748
265 267 12866
278 271 17089
264 265 18305
275 267 3005
278 262 10241
279 272 14078
273 272 17052
273 264 2604
262 272 30638
262 271 6213
279 270 6686
272 261 19686
280 278 8709
278 275 22259
276 262 25916
277 268 5463
269 274 3473
270 274 32503
262 264 375
270 277 1807
264 268 23407
266 263 18824
271 278 11644
262 268 26391
271 267 31062
268 272 30488
278 266 19272
280 281 25989
285 299 5332
292 288 1411
296 293 3471
292 298 9550
286 294 21466
292 281 5773
281 291 5215
296 281 30300
291 298 30331
299 287 6795
285 290 15617
292 285 30176
289 291 17905
299 300 4960
300 288 10528
290 300 2282
300 297 29921
281 297 939
294 299 16684
291 294 25911
287 290 21728
295 293 24127
281 295 13825
295 294 7241
287 290 1333
292 289 2516
300 282 17860
282 289 23741
287 294 32480
286 291 19708
290 282 18446
281 289 24026
287 299 8668
300 298 13912
288 299 17741
290 284 10598
281 296 10146
287 294 21771
290 298 7527
298 295 14269
294 296 7918
299 294 21871
284 294 416
287 292 4644
281 295 21701
298 295 22023
293 298 17853
292 296 28506
298 293 20151
293 298 2229
291 294 19561
297 291 32368
290 289 14946
290 287 29741
285 281 4825
283 290 21467
281 294 30263
293 283 27050
295 288 8108
288 295 11464
286 294 6017
292 294 736
294 285 22805
284 296 31919
283 282 4514
287 290 15409
285 292 1595
295 296 31019
288 294 25248
281 283 32547
288 298 32736
298 281 6153
283 281 26849
281 299 12562
297 295 21569
296 291 13214
292 296 17971
298 284 6690
283 288 25150
290 292 18782
292 295 29712
281 294 14456
294 282 12219
286 289 1707
284 281 27935
296 292 21418
291 293 32582
296 292 6123
281 295 4093
281 287 25715
295 289 26874
300 286 28125
297 293 7998
283 293 9388
292 288 31395
285 298 27949
289 297 687
283 282 23415
294 300 8995
293 285 15430
300 301 11742
312 316 14782
305 311 27924
319 302 9063
302 301 20445
316 319 23260
320 304 19630
309 310 13049
309 315 12354
314 320 15769
310 307 1259
320 318 9248
318 303 23922
316 313 18780
304 313 26602
309 304 10128
314 309 4128
316 318 13212
312 314 30353
306 302 5794
303 311 26640
309 317 22936
304 310 9079
316 314 15014
306 305 26145
319 306 25160
301 314 15617
306 301 7803
309 315 18314
314 306 15507
309 302 17099
313 317 7774
311 313 9828
303 302 19906
307 316 10825
301 312 10752
308 318 873
304 309 25653
314 316 22190
312 304 27867
303 312 7419
320 315 16980
313 314 18444
311 302 20677
315 319 14184
312 304 21961
309 308 17853
320 305 3782
305 314 14956
316 305 28397
315 303 2051
306 307 16935
307 310 18423
301 318 3199
311 320 9451
319 317 12747
318 304 12337
303 301 3996
312 306 17527
304 316 17347
317 316 26299
305 307 27627
309 302 24571
316 319 20252
306 314 23864
304 313 10265
319 318 4296
317 320 16379
307 315 26381
307 304 17029
303 312 12808
301 316 16877
319 308 2660
314 308 20028
314 315 23017
317 313 25720
311 302 25207
302 307 23591
306 314 28158
305 310 28150
316 304 30475
315 314 1155
301 320 22242
302 306 20643
315 301 11578
301 308 9362
302 313 5918
314 318 30196
318 304 13686
304 314 9360
320 312 18764
306 309 21546
319 309 6859
311 313 23017
305 315 18813
304 314 552
317 308 22372
302 305 22953
319 312 3545
307 306 15745
320 317 4689
320 321 20276
329 328 29317
332 340 5846
332 327 27272
338 327 11063
334 328 31946
322 333 14431
328 340 29481
325 338 16094
322 329 22899
323 325 31431
322 337 17670
323 321 5960
325 339 6774
326 340 15421
325 335 18786
325 340 11576
330 335 30679
336 324 11720
333 332 8697
338 335 15629
324 332 6090
340 331 2778
338 324 21057
339 325 23284
333 327 8728
330 329 28457
325 329 3568
328 329 5980
334 323 8899
332 330 16058
334 338 20670
335 325 18346
325 324 32749
336 332 21566
334 333 9068
339 331 18222
340 331 1782
334 335 27042
330 335 12805
335 334 17494
330 339 21733
326 334 28386
339 332 5988
333 324 28194
329 330 7689
329 326 17182
332 321 502
327 332 5592
329 322 6368
339 338 1007
328 323 5569
339 323 6393
324 327 4151
327 330 26363
337 326 12197
332 324 10099
339 331 24723
338 337 20935
332 327 28130
331 334 14872
332 321 25808
325 324 9165
322 326 8667
339 330 19791
326 335 5640
326 328 26319
337 338 3866
328 336 13322
323 327 25270
329 339 22890
340 332 7059
330 339 5880
331 336 283
331 333 2030
330 337 21805
331 333 29691
323 330 16609
333 337 26477
338 334 28798
337 331 12764
326 333 8191
332 338 10002
332 322 9430
336 334 7230
333 337 9948
337 329 11188
332 326 2432
339 337 23504
340 325 20407
337 327 27051
323 339 22596
329 322 16071
327 329 32070
338 329 4323
340 328 14640
330 321 25996
326 329 17565
323 327 16175
340 338 31641
332 328 10161
340 341 3666
346 352 11487
347 345 24668
355 350 17706
350 357 21215
342 346 1940
346 357 22889
341 358 14266
356 351 30279
358 350 28499
346 347 25219
349 356 14507
344 358 1789
351 348 18905
356 343 22337
354 341 20162
355 350 25601
349 356 24622
349 351 27225
341 360 30834
358 348 3660
355 345 31357
358 346 8733
360 353 18000
354 353 10606
343 344 28195
352 350 32326
358 354 31175
341 345 28534
344 358 20998
349 351 10993
342 353 31757
358 345 7186
360 342 19752
350 344 25831
357 353 16725
341 348 4855
353 351 13180
341 356 29473
344 356 27719
359 347 17795
345 355 25848
356 350 22924
353 345 17837
345 353 7073
345 343 8939
356 354 10505
343 354 23663
345 341 25582
343 354 20369
358 343 4280
351 358 25025
358 347 3866
352 358 19428
346 357 5238
358 360 5531
351 359 14992
346 348 26550
345 353 3236
346 357 22377
356 349 20057
359 343 6141
349 356 21291
343 358 12037
347 348 12861
346 347 26478
350 345 16828
355 346 25058
360 347 24108
350 353 21837
360 356 25949
357 342 26762
348 359 18909
354 348 5763
353 357 2849
350 342 22602
355 356 32693
347 344 27889
347 345 2614
357 358 5419
357 354 22250
350 352 2308
345 358 28453
346 341 24613
351 346 6376
346 359 10633
349 347 27734
350 349 5520
342 346 5620
357 341 28099
357 351 13267
345 348 12251
349 357 27919
345 341 3515
344 345 7757
352 341 25216
351 345 2845
344 347 27864
342 351 17252
346 347 24887
349 357 9542
360 361 15023
368 367 26403
378 379 10091
380 375 12957
376 372 5660
371 373 24778
379 377 21482
378 371 10495
375 367 26258
380 367 24273
376 367 27872
375 371 318
367 380 24495
377 363 11305
380 362 8198
373 377 18047
365 378 25364
371 379 23237
373 365 21271
362 361 13537
361 364 13427
377 362 30553
368 380 6276
369 371 11104
373 380 13289
379 380 10850
368 365 23656
368 378 29944
376 374 4751
370 372 27238
363 380 23998
377 362 11533
362 375 13644
370 379 9085
377 370 18386
378 365 17162
379 363 14829
366 379 30736
373 366 32757
377 362 24905
380 364 21111
368 372 32481
374 363 31605
361 377 15155
369 380 27323
370 374 8779
380 372 12748
372 364 1704
365 379 19500
373 365 1228
380 362 32536
375 374 9377
380 375 13294
370 376 3776
363 362 2763
377 378 15635
373 366 3887
372 379 2415
371 368 1700
376 368 21015
365 363 20922
380 362 27466
369 365 23006
375 369 3657
362 373 6857
369 375 14706
377 378 3239
374 362 21101
366 379 7195
376 375 8826
373 367 2003
377 365 18009
367 362 30535
365 361 13934
375 377 31954
377 368 28943
366 379 1360
372 362 24596
366 372 2527
372 380 7209
361 378 15481
377 364 881
366 378 28283
363 367 1658
376 367 10331
373 370 25999
367 366 25626
364 373 10738
362 367 10292
374 365 16766
370 371 28444
366 367 6338
366 371 26498
377 376 11929
374 364 15358
373 377 13761
377 371 17617
377 373 15370
376 373 23762
371 376 19470
377 362 6865
380 381 26001
381 385 31468
390 395 18935
391 383 8107
387 397 17793
385 391 20703
398 383 8986
387 397 20117
389 386 10251
382 391 168
391 383 7626
382 394 4005
399 395 25534
394 396 6696
381 399 4021
388 381 4578
386 384 6991
386 397 26072
394 391 19907
393 390 2977
400 384 19606
398 390 18360
394 400 21313
394 381 21775
393 386 20698
382 392 20104
399 384 25662
394 388 4362
395 397 12878
398 392 17211
390 385 12085
387 392 22581
383 399 31451
383 396 19625
388 398 12781
399 385 6731
383 391 24608
387 386 31620
381 386 26014
387 381 10675
398 383 28856
385 395 21133
385 391 30293
396 381 9557
383 397 9915
394 392 7943
388 396 2457
386 396 13485
395 389 903
389 382 13676
393 398 22607
398 390 18973
393 392 6336
399 383 26208
400 398 8155
397 385 24456
393 396 8853
394 386 16355
382 400 11912
388 389 24860
385 390 5957
382 400 28362
389 388 3882
400 387 14959
390 396 20450
387 385 21616
388 395 6146
385 389 14798
387 386 11862
382 395 9385
390 389 24801
399 388 15826
394 385 25763
386 398 8183
398 396 25744
382 384 24883
394 398 16751
400 397 15873
396 394 20848
395 391 6369
393 385 9663
400 389 23616
391 395 19806
393 397 30801
382 396 2051
387 392 17660
381 396 12505
381 395 4117
399 398 10323
391 399 8823
382 388 32103
383 399 6832
391 392 23032
382 400 12904
382 391 4916
394 393 27560
384 383 1582
383 389 19882
382 399 27133
388 386 21725
387 383 19496
400 401 6198
407 415 20780
418 405 30232
404 408 25173
401 406 27983
405 404 31557
418 414 10983
409 411 7394
416 407 23548
419 413 22656
417 419 2729
402 403 15744
417 407 18363
403 405 1208
404 411 12005
413 411 28775
416 412 372
411 416 19587
409 401 13280
402 404 6810
419 413 27820
409 405 3491
406 408 10094
403 404 23917
419 420 1275
412 417 30365
402 404 23048
409 416 29509
419 420 22464
404 406 27047
418 407 17951
410 416 18848
418 408 17939
401 411 1735
403 416 432
410 414 31829
401 414 8955
418 407 8506
402 406 28185
403 406 5660
420 406 481
414 416 9235
416 404 6699
407 417 14928
409 406 18757
413 402 10788
401 403 2688
417 409 7156
420 417 23984
413 406 19745
417 407 23566
412 417 26101
408 402 30954
403 406 28675
403 405 29949
420 413 30894
418 411 364
401 415 2219
420 401 14262
419 412 8369
401 411 30232
412 408 11464
414 416 27709
417 420 10949
416 411 16936
413 404 26106
407 408 21440
416 403 31019
416 407 3429
417 407 4408
418 419 6768
407 405 32294
409 401 23705
401 415 19823
415 413 7055
413 419 16314
407 406 5702
411 410 15723
414 419 11210
418 402 18611
406 412 16280
410 420 8443
409 406 24010
403 414 10985
402 411 1433
408 414 2384
416 410 29958
407 410 30403
404 412 26276
402 420 11431
412 413 31451
415 407 19450
409 411 4124
409 420 7464
416 411 10718
405 417 26527
419 407 17501
408 414 26381
404 412 9073
408 414 21344
402 414 23795
420 421 23046
435 423 9108
428 438 6663
424 434 15627
427 436 476
436 434 9982
427 431 9539
440 426 18470
437 434 4693
424 433 14189
427 434 10411
432 425 12565
428 432 19033
428 440 21050
440 437 15872
436 433 13601
433 434 4690
438 431 7472
440 438 5810
427 430 6026
426 427 23001
434 436 23966
429 422 26278
429 430 28979
437 432 30862
439 435 26027
436 424 27703
435 437 10395
425 432 5703
426 423 27626
432 438 14715
436 435 9743
439 424 24174
439 436 302
423 424 8903
432 424 6174
433 421 676
431 421 6304
429 426 30325
423 439 23630
439 438 20650
422 421 22030
429 437 25060
434 433 24589
433 423 24450
428 421 5766
439 435 10177
428 435 3562
424 425 6097
425 435 26404
427 431 2949
426 436 6917
424 428 7048
433 432 24104
440 421 5695
439 429 18628
429 421 20675
440 432 2635
427 428 6292
429 427 28360
426 440 5106
439 421 27732
436 435 3588
437 428 24864
437 435 21814
421 432 12006
429 439 17775
435 430 1724
425 437 9486
435 431 4252
430 433 29399
440 422 13348
423 425 29746
424 440 13400
430 428 3687
438 427 7786
437 428 2751
430 424 19415
440 435 9396
436 425 31324
437 430 31381
439 437 20617
439 433 31812
427 438 7167
436 429 4349
437 429 16032
423 435 13389
434 436 10809
423 437 2960
425 430 1639
423 425 16574
433 430 15054
437 427 5204
436 437 10198
426 433 26499
440 436 27278
438 425 18727
435 424 11363
425 440 8965
423 422 17868
438 434 21089
440 441 29466
454 441 3569
456 455 5393
446 442 19637
443 449 752
456 447 15419
441 452 25106
449 450 2648
453 458 22357
454 449 9570
455 443 18656
457 458 28517
457 444 23304
451 453 1013
450 454 26975
443 450 28033
455 450 1327
455 459 20054
455 447 3321
444 455 25275
453 449 19623
454 444 11454
448 459 21651
454 458 24501
456 460 26009
442 445 4225
460 442 704
448 457 6409
453 446 32078
449 457 20628
452 456 13877
456 450 2022
457 453 26692
457 459 28492
450 441 10366
457 445 32250
441 447 30337
447 444 28008
446 455 17647
452 449 12437
459 445 25127
445 458 20050
454 443 11228
445 444 32523
453 446 3145
452 443 12706
445 450 30221
456 451 30810
447 449 31741
456 445 9700
442 450 19564
442 460 25612
443 444 21426
453 460 6299
442 448 10241
446 451 21087
450 460 12484
449 460 1926
449 441 20000
452 459 30628
441 457 10574
449 445 22305
451 459 23777
457 441 22245
456 445 23616
447 453 29295
460 454 31697
443 446 32714
457 454 18353
446 448 6135
453 459 1255
446 445 25533
459 460 22902
453 449 30732
457 459 14778
446 460 1613
450 445 28147
443 450 2130
450 459 22768
448 459 3280
444 442 12593
444 451 12414
444 445 10234
441 449 29005
444 448 5681
457 447 13405
451 446 17663
453 441 23705
458 454 22656
447 449 32536
458 460 21781
445 449 27583
441 459 15372
446 448 13238
453 455 25271
453 450 25765
443 451 32566
452 456 9954
451 452 116
445 451 7661
441 446 13096
460 461 9711
468 475 996
468 478 7706
466 463 28265
469 474 12057
476 480 27872
478 469 13812
470 467 3502
471 470 32526
461 462 19698
480 462 6701
467 461 30452
472 475 6061
474 465 17163
478 480 16452
477 470 4811
471 478 9229
475 470 24436
475 473 682
471 480 28661
478 474 24001
474 478 1031
478 461 20516
466 474 17711
472 463 22362
477 475 5279
473 475 27248
477 471 17743
474 466 20526
473 468 3021
465 480 30763
467 466 31119
480 479 30040
468 469 18381
475 471 28146
473 480 5673
461 476 13312
479 473 9144
477 463 4808
470 477 32036
480 479 221
464 480 12538
476 478 9143
471 472 25453
463 461 14583
478 467 9479
476 467 23226
464 473 19497
479 476 32690
466 469 20298
479 461 23771
462 470 20042
465 466 15880
467 478 11102
478 462 21401
479 474 22624
477 474 10006
474 469 25473
474 476 13708
470 477 26290
480 465 26074
464 480 22342
472 470 588
463 467 24462
471 468 22587
461 470 31370
464 469 30094
468 464 2525
461 479 31561
467 479 8360
464 461 30096
467 479 20986
466 464 27847
470 479 2033
477 471 16568
476 477 20677
464 469 9703
480 467 14678
471 476 7800
470 480 18675
462 478 21332
466 475 4200
475 472 6004
462 478 3752
461 473 28277
476 477 32643
461 466 30951
474 465 3399
474 468 31729
466 467 25669
471 477 10050
462 471 24457
470 469 4974
478 480 69
476 474 1047
478 472 11724
472 478 5279
474 472 27138
477 470 27446
472 465 18094
463 468 11645
480 481 2586
481 489 2838
497 495 9691
500 498 5588
481 482 30909
484 482 7286
492 490 23843
496 500 9218
484 486 20320
487 482 15683
485 484 5072
490 496 7931
485 496 17078
486 491 29373
484 498 4150
485 494 29073
481 496 6364
489 491 5846
484 491 32651
497 486 8947
495 481 20436
485 489 13530
492 488 28665
498 489 14451
491 500 2100
481 491 6485
491 493 12530
481 485 25740
496 485 2079
483 492 6450
487 489 3524
485 487 10019
497 487 27253
493 489 21536
499 486 5741
493 488 17165
487 500 20039
493 492 30266
497 491 27312
498 487 11474
489 495 6798
495 484 15590
490 497 15208
484 497 22192
499 495 10780
495 483 17149
500 483 30237
485 481 32227
496 498 29650
497 481 22573
498 496 20181
486 490 23844
492 489 788
495 485 26524
487 496 7212
492 491 26736
485 500 21626
500 496 12750
499 488 14759
486 495 30218
499 497 27336
481 493 24009
487 483 25670
498 494 30915
492 496 12321
490 486 9591
490 489 17752
500 488 12153
495 491 30583
489 495 8523
498 493 8083
491 499 28126
489 497 12870
491 483 30503
484 500 21092
482 494 25210
488 490 11906
492 493 28798
496 487 10116
483 481 32244
497 482 28878
498 488 15286
481 486 7884
487 482 24461
487 492 32494
491 496 23760
496 484 11338
484 492 27373
493 496 11903
498 493 4426
482 488 7316
482 493 27426
483 489 19429
491 490 11076
485 500 4956
494 492 26342
495 482 11654
485 484 10211
481 485 22597
489 498 2592
494 483 1846
500 501 1267
519 503 26101
514 510 18606
519 516 4593
511 519 6608
504 516 28524
502 506 7778
519 504 23504
508 502 30598
507 511 20372
510 501 4170
516 504 21558
512 515 5175
503 501 5913
512 516 21301
510 511 26698
515 503 17853
517 511 11386
516 513 15218
515 503 17323
514 509 20369
516 501 12897
506 504 23003
503 520 2399
508 504 2027
508 505 10288
510 509 27155
509 519 6412
501 520 22571
508 514 30940
501 508 30219
507 512 13418
503 505 7288
503 509 27646
517 514 21195
510 509 6392
504 506 9895
512 511 11559
520 507 23151
503 516 25070
505 519 26718
506 504 23924
502 518 1903
511 509 18035
511 515 2169
517 510 25443
507 519 21796
516 513 2065
513 503 26540
502 508 27877
509 506 2440
510 520 9574
503 510 22634
507 520 22453
516 501 19518
507 513 9500
506 503 3590
504 502 29671
517 502 11986
511 513 3355
513 502 1817
511 514 21700
501 511 2625
509 511 23036
502 517 30499
505 515 9173
520 511 21948
510 513 2753
516 512 29557
505 511 10814
503 502 23209
516 512 5316
507 504 26446
511 519 1102
513 516 27115
507 515 21486
513 505 4932
506 513 13139
516 511 30307
506 512 19241
508 503 7141
504 508 435
514 511 14518
520 509 18712
515 505 27551
510 516 27960
501 506 16465
512 513 17669
505 511 27613
517 501 2988
502 520 5547
510 504 2075
508 501 22899
506 517 7590
501 509 20938
516 508 30421
510 512 14396
501 503 17315
517 520 20233
511 520 3766
506 520 10753
520 521 2392
530 522 22296
532 525 27707
528 526 11421
522 524 15175
530 529 29252
525 524 27918
525 535 863
531 532 14993
538 525 15353
532 528 17020
526 521 20400
540 536 17163
529 522 24709
533 528 2089
521 540 7414
527 538 22419
525 529 10270
526 522 13058
534 536 25528
522 535 18597
528 523 13095
535 537 27764
535 539 18434
522 525 2345
529 527 19375
521 530 11739
538 530 5899
530 524 17807
525 522 28731
525 521 12350
528 537 18453
533 523 28958
529 527 31685
533 534 1081
539 540 1173
524 528 15753
524 538 3844
537 535 26170
522 534 31636
521 524 12484
533 521 7918
533 534 8945
525 534 1109
538 526 19733
533 521 19580
528 527 8193
531 529 21560
527 529 32622
540 525 27053
524 530 23804
534 524 19422
531 521 18426
528 531 20429
528 523 142
534 528 8078
524 522 20726
526 540 27383
532 539 17912
522 539 24279
524 539 26562
525 538 7897
533 522 24256
523 537 8055
528 521 3128
539 524 26807
535 522 7335
540 533 20348
523 532 2620
532 534 25266
526 522 30684
532 521 29353
539 532 20884
523 535 3147
525 536 17775
521 536 20251
536 524 32763
531 529 31779
540 531 12808
538 533 19757
529 531 20848
536 540 24324
529 530 21721
536 524 3736
538 530 27348
521 528 26661
535 525 28369
538 533 223
522 525 12980
537 523 5802
538 532 10771
532 533 28394
526 539 11364
526 529 29803
535 527 28070
539 526 22000
529 526 2381
530 538 12790
533 522 6510
540 528 411
533 534 25735
540 541 17367
556 543 15963
548 550 13159
557 556 23723
543 549 25879
544 556 9952
548 554 22860
546 550 32738
558 550 8962
552 551 17319
554 549 6044
553 559 15938
557 542 22061
556 547 20611
550 552 10798
559 560 22107
553 550 11448
555 553 17830
549 557 24764
552 548 28684
544 552 10705
555 560 26900
548 546 14986
560 549 22940
542 546 15993
556 553 5207
553 557 25928
548 544 6917
548 560 24459
555 548 628
553 555 9018
550 554 21395
558 555 15610
553 552 14879
550 547 23702
548 560 5550
550 555 32346
557 553 26667
548 558 24622
544 552 13556
543 550 10402
548 542 15940
553 557 5966
547 544 14988
558 555 4400
553 543 10720
546 557 12520
545 542 29622
556 544 525
553 544 30579
543 550 2030
543 550 20134
558 560 29555
556 560 13794
555 553 18688
560 551 31122
553 546 32396
554 552 28219
550 551 6983
545 558 30730
546 560 28029
551 549 931
549 543 20641
549 546 8840
555 545 3235
552 545 20368
558 556 24830
550 542 17480
555 560 8476
551 547 20024
541 548 13578
554 542 19289
542 559 10378
547 551 28489
544 542 1036
547 559 16117
555 552 17939
546 543 24282
547 541 18701
555 554 28686
541 547 173
560 556 23201
557 554 4926
556 553 6185
559 546 13976
551 557 26471
546 547 13716
545 553 23151
543 556 27179
546 547 31418
542 554 6581
547 541 23297
554 551 19412
552 555 27874
544 558 14871
541 550 24717
543 546 9563
549 555 18198
553 549 1894
556 559 13343
543 558 2662
560 561 16879
561 564 15655
580 562 13113
571 572 29250
566 565 2076
575 566 27036
563 567 18469
580 571 7904
574 566 4440
577 569 11495
569 580 15498
566 577 29982
570 572 10649
575 563 29553
571 578 6718
579 578 10824
579 572 30858
569 564 12173
574 566 3675
562 568 27359
563 576 7484
562 576 22105
579 573 661
575 571 24217
579 562 12824
566 564 9189
564 566 24778
579 576 11688
578 580 19737
580 573 27288
575 565 13531
572 567 27455
570 563 20536
577 579 29135
576 573 8379
571 562 2387
573 569 7719
563 570 10182
578 567 22213
569 579 14751
578 579 1857
576 565 10940
566 580 3667
562 561 24554
561 567 706
562 569 27986
568 572 9868
568 572 31116
571 578 2099
578 570 31285
564 577 27517
561 564 7727
570 567 7465
566 580 6908
569 571 12652
574 579 32211
577 565 27439
574 572 26196
565 564 14952
572 563 21
571 568 29185
565 569 31066
575 580 6693
564 570 26800
578 562 10747
566 578 24648
564 573 3079
569 576 9540
570 578 10960
570 564 29268
568 566 28541
571 572 10326
570 579 10879
565 577 9429
573 572 24208
574 570 30104
561 578 26755
563 569 6568
561 580 4796
563 561 17259
570 575 22858
563 561 27858
565 567 3070
572 564 21923
567 575 9705
566 569 1382
570 568 11822
575 565 30090
562 567 21518
578 566 28074
575 571 18575
573 574 11047
564 573 10806
573 564 30325
580 569 15269
570 564 7104
570 568 9248
576 566 10715
573 580 12614
576 569 12701
580 568 2945
580 581 20748
591 595 6900
582 581 28943
584 599 2297
593 598 4474
584 593 27242
584 586 7857
587 581 16710
598 583 25914
600 587 14453
597 585 6894
593 598 21176
596 600 29357
597 591 19973
588 587 5827
582 596 18148
581 593 1887
586 588 17284
599 585 1478
592 590 19613
583 586 14895
583 590 10854
584 591 29032
597 581 20000
590 593 30897
596 592 29954
597 596 4471
595 598 14223
595 590 976
583 592 4256
590 598 19943
582 597 417
585 594 8120
582 598 26067
596 586 3537
586 583 21655
590 581 31475
599 594 13065
600 590 30652
583 585 22386
595 583 4305
584 587 30048
593 589 1820
585 582 32611
593 587 2830
587 590 21435
592 585 6936
594 595 29571
597 599 26287
585 594 16406
589 585 25232
598 585 22724
597 595 24621
587 597 17174
594 589 18783
591 597 6695
582 592 27349
587 590 9700
581 596 19165
589 592 304
582 592 14191
586 589 28220
594 595 19880
590 591 12952
599 592 3614
600 594 24769
589 588 27813
595 598 25409
591 598 32647
597 594 32148
590 583 20801
597 590 22895
589 600 12597
586 582 11044
588 581 765
581 588 3636
582 583 18748
587 590 840
585 584 20521
581 583 812
584 592 15645
581 593 30347
584 591 13295
600 590 8299
593 597 2026
586 587 14790
597 584 23956
585 599 11956
589 599 2987
599 584 12789
586 592 15611
594 598 16875
584 588 8703
595 591 21059
597 582 14443
600 585 10189
597 593 8199
595 594 8295
581 582 28561
584 596 11999
589 594 20863
600 601 21299
618 615 12233
618 612 22948
603 604 12078
620 601 16234
609 603 32153
609 607 21011
611 608 21633
619 612 1747
607 606 22398
602 615 12616
611 616 30835
608 620 15755
611 616 5612
604 620 28538
615 609 28079
605 614 31135
609 619 3216
601 608 4141
605 614 28153
614 613 218
611 619 20696
607 605 24233
617 610 13514
618 620 2268
613 616 18869
606 607 20138
618 607 11578
615 616 15724
611 607 27808
603 616 21849
614 617 14115
607 619 272
617 604 19419
615 620 20091
602 606 18308
615 605 7130
605 604 23033
610 617 16873
618 615 26659
608 607 19588
604 605 1696
613 602 7488
610 616 23159
620 617 28608
602 612 6286
609 614 13785
607 611 25028
607 610 12745
611 620 26842
605 607 9980
620 604 30856
607 612 32318
614 617 25468
604 611 24656
618 616 29974
613 608 8752
610 606 28944
604 614 30870
612 617 24961
610 616 21626
619 604 11735
609 618 6295
615 604 2747
606 608 6224
611 602 4607
608 619 4699
617 616 2814
602 617 11803
602 612 28452
613 610 30876
616 604 21355
611 615 1668
617 604 26390
613 609 19066
620 606 30962
611 601 27599
609 612 16349
609 606 1905
618 601 18545
605 618 21867
615 604 14586
615 603 16263
606 615 26144
601 603 6599
615 610 17904
615 607 29642
604 609 31788
609 620 29287
612 620 20995
604 603 23289
601 617 15522
611 619 1590
619 611 28992
614 612 24194
603 605 14991
610 606 28190
616 613 8893
610 619 25516
613 610 24166
607 608 26582
620 621 2082
625 623 13590
637 634 31137
635 634 11003
637 632 13928
632 635 8288
632 623 15787
640 623 5219
637 621 993
630 629 7208
630 626 6654
623 631 7086
628 635 30585
621 640 2616
623 636 17800
634 626 18205
629 633 15675
625 627 27133
639 624 30548
622 628 4520
629 638 17431
633 636 3900
631 639 4710
636 634 30538
631 627 26850
632 630 12544
626 622 18663
628 625 7072
621 634 21150
630 631 25815
629 624 31362
621 629 16050
622 625 25596
624 635 23101
623 637 21005
635 627 29713
626 625 26143
639 623 27225
621 640 26220
629 623 20514
622 635 20643
621 627 20455
623 635 25266
633 631 32697
637 627 21214
627 623 7030
638 622 31114
622 630 32233
628 623 613
626 622 14291
624 631 10198
629 630 23579
639 625 21202
622 627 4805
627 628 2709
632 631 20574
633 639 15045
622 623 15866
637 634 19466
632 636 32254
625 626 10793
634 625 7234
625 638 27675
634 625 11352
634 633 13753
622 625 28411
631 638 26615
629 630 24556
638 621 7106
624 622 22476
624 637 1275
632 621 2484
629 634 1578
634 632 8855
634 633 17111
632 635 16565
640 637 11697
633 635 27560
630 633 14572
633 622 14803
630 631 17015
621 630 30259
636 623 25337
626 632 29161
638 632 15807
624 622 18173
627 626 8439
624 631 15897
634 625 242
623 625 22361
634 637 28225
623 626 13921
640 634 26087
628 627 29782
624 630 5112
632 631 11887
636 629 9313
622 640 7735
621 636 23206
625 639 12471
639 625 12505
640 641 31779
659 644 32545
659 658 12226
656 651 30846
643 656 14366
641 642 28339
646 653 25033
645 647 7803
653 645 22328
645 650 3703
655 650 31362
653 650 7800
657 650 25092
642 654 4614
651 647 14138
653 644 30819
654 660 29004
641 656 9555
648 651 28964
641 642 18800
658 650 29443
644 645 28116
642 646 10737
656 654 30302
655 660 15227
658 656 9955
645 659 18080
652 644 19197
647 644 14041
658 652 23907
656 652 27800
652 651 13037
653 656 20165
641 642 3750
641 648 13556
654 655 28584
654 652 22630
642 659 11918
648 660 10782
641 656 28610
650 653 7821
642 653 22771
651 644 17311
645 658 11120
652 659 23600
644 642 12869
642 659 21557
659 644 10824
654 656 15131
650 653 15219
649 644 7718
645 646 5703
650 651 10978
647 643 7435
645 656 469
660 649 24
646 642 9242
649 648 11682
647 648 31379
656 650 14483
645 654 11208
652 641 14198
646 645 23991
647 641 25477
659 652 11034
642 658 16722
656 645 4081
653 660 10159
651 648 28501
660 655 24242
648 651 9435
646 657 8209
645 660 26127
643 646 19240
656 642 7377
643 642 29288
645 654 27038
654 653 21758
652 650 13571
645 660 12021
644 646 12752
646 651 23325
647 652 32200
658 654 23936
652 647 15581
643 651 25133
645 647 11062
659 643 23453
660 647 17561
659 652 1278
660 647 21487
644 660 28718
659 648 5102
646 644 17447
651 641 4669
646 655 14377
642 654 20618
656 648 30957
654 648 15202
649 645 20635
653 659 3285
660 661 28518
661 665 8489
672 667 25069
676 669 13862
674 678 27614
673 662 4545
680 668 28774
672 663 13110
662 672 8057
673 672 2507
664 666 5618
677 661 18133
662 666 20506
664 661 19634
669 676 2338
674 673 2779
663 677 14212
678 670 22331
673 680 5491
677 662 5986
663 672 23999
679 661 24669
661 666 26835
670 669 10802
662 663 29374
675 674 23634
671 663 23137
665 662 25213
680 677 27454
666 674 13806
670 668 3701
675 669 25805
680 665 25841
671 669 12848
666 667 7136
671 664 31546
669 671 5596
670 665 12823
680 664 5749
676 665 1504
678 679 19197
667 672 18102
675 668 8904
674 670 20368
668 661 14898
666 665 19339
675 677 30517
676 679 6854
665 668 11094
669 668 31501
676 673 28196
662 678 31451
668 677 15533
680 665 12676
680 674 3468
665 670 19836
676 666 18050
671 673 21021
664 680 10166
677 680 26715
662 664 8718
667 661 574
671 670 31044
666 665 20260
679 668 22428
665 670 12055
680 679 26737
674 679 1459
676 663 30699
662 666 4474
664 672 18842
667 668 21124
664 671 9428
666 663 9196
663 672 19710
676 671 1387
673 677 3372
663 669 16124
674 667 31170
678 665 5765
676 674 24556
668 678 20435
665 671 23096
664 666 12654
669 680 31375
664 662 23821
678 661 15712
670 664 180
664 666 22204
668 674 19911
667 665 12719
670 675 19852
661 671 31525
680 678 9977
669 677 7440
666 673 18372
663 674 29615
676 664 13063
668 680 5673
662 671 2553
676 661 5331
680 681 18322
700 694 25311
687 686 11786
686 690 3652
697 682 7572
682 688 16412
696 700 1484
685 688 4306
696 681 28588
694 693 22223
681 684 19456
689 699 2958
696 690 21174
685 691 565
684 698 24962
698 700 17455
696 690 31903
691 687 19288
699 688 27331
687 690 20148
681 700 28023
682 688 15829
700 699 24952
686 700 10315
691 695 11976
691 696 31201
693 686 28308
699 681 31090
698 685 7463
690 684 10126
685 691 8308
685 688 17244
682 691 28680
697 685 12107
684 699 20826
681 692 31894
691 695 29655
696 684 23466
686 690 21021
695 693 24810
698 691 10820
699 693 18535
694 691 11551
682 693 30852
696 698 17630
686 682 17061
699 686 5502
694 682 6739
687 691 11747
689 695 32378
689 688 22159
696 698 28082
696 686 4950
691 683 17838
695 699 22408
691 685 12104
700 686 10323
695 692 960
683 685 1916
688 690 15660
691 693 4256
693 695 21290
691 682 17805
688 682 11853
698 689 10884
686 682 28646
696 688 6493
695 684 30994
698 693 10972
690 683 13105
683 696 20421
693 696 27965
691 695 16235
681 689 31887
689 685 20426
695 694 1301
684 686 11122
681 686 11279
691 685 15308
684 683 20932
687 689 4736
699 692 4560
686 687 13057
683 684 1790
699 700 25996
692 682 30404
696 697 18210
689 682 27107
699 688 9793
692 700 8884
700 693 31332
691 695 10023
682 683 29849
699 681 901
681 695 22954
687 681 21616
691 684 6829
700 689 22969
686 695 1785
696 685 8447
685 689 2764
700 701 3641
701 720 18476
719 710 31123
708 701 970
720 709 5457
705 720 28137
713 701 9098
709 711 20378
718 714 764
701 703 9939
706 701 4938
708 711 20511
703 708 13410
720 711 4865
711 717 479
705 712 20032
706 712 12959
703 720 11184
708 711 1509
717 704 16187
717 714 12998
717 718 21300
714 704 13225
713 715 29755
719 712 22309
718 702 8501
710 701 2187
707 708 26668
702 714 5579
704 709 16151
712 718 9639
720 702 8142
704 711 26696
712 719 26810
714 711 7604
714 715 20488
707 708 10420
714 703 25956
706 715 23083
709 703 16000
718 720 16371
704 707 3323
706 715 23468
707 705 4200
702 710 2358
719 718 11640
707 701 22943
712 714 31643
707 719 3781
717 719 25752
703 705 1303
707 716 3560
714 704 1021
710 705 16852
719 710 29435
713 711 32429
702 716 8340
706 710 17556
715 718 29031
716 711 16040
710 701 16677
702 715 2720
702 704 19536
713 720 14859
709 707 28904
714 710 17111
720 716 17767
702 712 206
711 718 16576
717 720 14371
705 717 17216
710 704 18761
713 704 3964
715 712 2220
709 701 31668
702 717 258
719 710 10070
706 718 23884
707 704 7556
709 713 24516
712 705 21696
716 715 13636
711 710 15678
712 702 12529
719 706 23137
716 706 6701
705 714 2405
701 720 18200
708 718 26202
710 702 20529
712 720 2508
719 715 19914
708 720 27853
703 706 22138
710 720 28227
705 708 28074
707 709 2976
708 715 19435
710 717 12405
703 704 30404
717 718 23422
720 721 3086
732 729 3345
729 722 1312
734 735 21023
729 725 6222
726 725 6184
725 722 21398
721 732 6602
723 732 8551
721 723 28887
731 726 12515
731 732 536
721 739 17690
728 721 22565
726 723 19197
726 735 28154
733 725 21541
733 730 12078
739 726 17572
732 721 25341
725 722 13426
736 734 8322
732 725 18746
737 733 7629
740 732 13199
737 728 30920
728 721 4820
726 728 20472
738 731 23902
738 724 29351
722 736 5777
722 738 27381
739 721 11022
735 732 31206
730 734 19243
731 729 7269
731 729 7753
733 722 10705
731 737 15819
724 739 24472
736 725 7343
730 735 2783
722 726 26914
729 721 18515
729 726 8068
739 722 21395
732 726 693
722 737 27345
733 730 2981
732 728 12448
731 726 12920
725 723 1287
728 727 17857
729 733 22608
738 730 26783
736 739 19757
732 739 22213
734 738 27942
740 734 17841
736 729 2425
724 731 13464
740 726 29635
737 740 18654
724 739 21806
740 739 777
722 728 24582
724 727 14482
739 727 14037
734 723 24838
737 721 32119
739 738 31050
721 735 27594
739 722 5646
729 722 14054
734 739 18087
738 739 3323
740 726 13288
722 730 335
740 726 704
726 733 28909
739 722 150
737 723 28161
728 729 4029
739 731 28416
726 731 15493
740 730 10239
728 734 26530
734 737 26611
726 724 6406
729 734 24743
740 723 26216
736 740 14250
732 725 29442
740 729 28561
728 735 31314
735 733 29743
728 723 9704
728 733 10682
721 740 11902
739 732 7672
727 733 2795
740 741 13282
753 758 17339
745 749 9576
754 750 30827
749 755 21554
757 749 19354
747 759 27031
758 746 21936
749 758 1826
746 748 31176
742 758 5206
744 748 5854
751 750 23450
747 760 8090
741 752 30574
757 752 13605
760 757 23127
755 757 1514
758 753 20265
757 749 30521
757 750 31889
753 759 6434
749 745 3604
745 751 7682
748 750 30171
760 749 7062
755 742 5634
742 756 18836
747 748 21834
754 743 21015
741 759 596
749 750 10849
754 742 16857
744 757 24260
752 741 26488
752 756 21165
753 743 22028
743 751 15908
745 753 11184
758 742 15427
749 754 24276
754 755 6770
760 747 23829
744 754 22119
743 753 435
757 746 26936
745 746 10459
757 743 12299
754 759 3616
746 758 1824
759 752 22486
742 751 4678
751 741 32301
754 748 17926
760 757 29757
758 759 7937
759 758 27239
742 746 8529
753 754 31919
752 757 18420
747 755 29950
743 742 3204
750 758 18547
743 749 12753
743 749 28710
753 757 4112
741 758 260
750 745 22462
742 759 17340
747 742 10349
751 748 21709
759 760 777
746 742 22061
749 755 7016
742 757 18225
755 748 27415
746 748 31892
760 744 14271
741 755 16846
745 760 4510
746 741 13858
758 745 13035
750 747 19203
755 758 12052
746 756 14019
759 756 6461
751 743 1455
752 758 17256
751 743 1278
752 749 1068
742 753 24124
741 759 7919
749 743 12061
759 751 2798
759 749 2269
746 743 30625
759 741 23439
754 758 8517
754 756 13587
745 754 24197
753 746 14474
760 761 22684
765 776 6774
762 769 10602
769 765 3829
761 772 14162
779 773 17074
780 778 9432
767 773 31876
763 775 6742
772 778 13520
775 763 8774
772 775 6437
763 770 21748
775 768 26039
771 764 13965
762 767 2971
772 778 750
778 763 4594
776 764 15517
780 772 20840
764 779 16591
763 775 25779
768 773 28783
773 763 15857
778 775 15996
772 769 4120
779 772 13883
778 764 29917
773 772 24588
771 770 15022
762 776 25066
768 769 25534
770 762 24793
768 764 26164
768 769 4814
778 775 32499
767 776 11479
763 772 13217
770 768 30609
763 767 17869
761 773 25637
766 762 10344
762 771 3691
780 779 20976
765 772 15586
766 761 22778
770 766 13720
763 765 30204
774 761 14146
771 772 7308
767 779 8202
768 772 12141
768 771 22497
763 768 11803
768 777 603
775 766 28608
770 767 23639
771 776 24238
776 769 3077
766 775 216
774 764 7692
777 764 15580
778 767 213
763 768 2207
770 767 5966
768 766 21901
761 769 1693
776 771 28656
778 774 16032
773 766 29189
772 768 31530
771 764 12469
768 773 11349
776 765 30494
776 775 26229
767 771 20300
777 768 15966
766 768 18900
762 767 23837
780 763 816
773 774 11873
769 773 23815
762 772 26389
777 765 21205
778 769 19979
767 779 19581
773 764 16026
768 772 9939
762 780 23974
778 761 10535
778 770 31593
771 775 6215
761 778 12526
768 780 23205
767 780 32302
779 762 32374
779 773 5664
762 778 14859
767 770 12351
774 772 32692
777 775 13141
780 781 18918
799 789 27530
796 792 10629
782 781 19982
784 787 12154
800 797 7885
790 787 21505
789 800 12560
796 785 20814
789 795 517
793 787 21629
799 787 9330
784 794 16107
792 787 28456
781 787 17255
790 783 11252
781 784 17888
794 787 13078
795 789 22898
787 791 32658
781 787 22537
790 799 27341
788 799 10227
785 800 29273
788 799 10001
791 782 16605
792 791 12427
794 785 15226
790 788 6454
781 784 7965
783 788 8199
791 786 21917
790 781 31564
782 796 10395
786 787 12420
788 784 26743
800 787 5125
799 786 4057
790 787 30423
787 781 28831
784 787 31855
783 782 7478
784 799 7980
798 796 6557
790 800 25022
798 796 31146
783 793 23788
788 781 32324
784 796 5196
796 793 4534
797 786 4581
783 798 17219
791 790 2014
788 784 9371
797 786 28837
796 787 16374
782 784 10537
796 784 21451
781 797 7718
782 798 10626
794 789 11413
785 784 18077
785 797 5809
795 789 29728
796 783 14912
796 782 13892
787 794 23036
781 795 24249
785 798 6982
793 785 30210
797 792 8854
797 784 23732
794 792 19520
797 786 19353
786 787 11396
800 792 21004
785 788 6410
791 795 11267
796 795 20269
788 786 21925
783 800 9674
789 781 12386
783 787 28275
796 783 28128
796 789 2349
799 787 22330
794 791 1827
781 782 31597
794 789 23540
787 799 26078
789 793 23183
786 800 18016
788 792 25008
795 783 32296
791 790 32121
789 782 24967
798 797 11977
786 787 15469
786 784 20019
794 786 22523
787 794 28613
800 801 29104
808 801 5637
812 801 22774
804 808 13767
804 802 19990
804 805 22991
810 807 21988
801 803 27734
812 810 3994
819 808 7663
806 801 18109
810 801 23648
804 808 2306
803 806 8549
803 804 2193
816 808 24703
808 810 5394
811 812 21557
812 805 2661
805 816 11898
810 806 18943
817 805 3341
818 817 15421
809 801 23055
801 811 295
809 807 16936
808 819 29818
814 804 29936
809 813 1790
817 804 18802
819 816 16230
817 818 28683
801 807 1868
802 812 25581
814 810 19726
806 811 8718
812 814 2454
807 818 6227
820 808 29008
811 807 5931
811 802 4569
805 807 8445
815 813 27188
809 813 3609
813 817 14719
819 808 28931
820 803 24704
820 804 18011
809 817 21643
811 817 5285
817 819 22150
809 807 964
818 804 30487
804 802 28906
802 806 31041
811 815 27451
801 814 28416
805 803 9862
805 810 1952
802 804 7356
808 802 1504
803 804 7169
819 802 17442
815 802 11935
806 801 7996
813 817 29462
817 811 9379
818 814 28189
818 813 1791
809 816 27994
812 820 13430
816 807 2320
820 814 1063
810 814 1054
805 808 23731
816 817 1274
816 803 959
817 808 14229
803 805 1746
813 809 10057
811 818 28685
808 812 22842
807 817 19833
807 808 13017
815 811 2060
808 806 21868
812 804 12179
814 820 7867
807 803 19229
810 801 16475
808 801 31138
807 804 10805
808 814 19705
806 810 10792
803 813 22870
803 801 29193
806 802 1514
819 809 32328
812 813 20318
818 806 27386
816 811 29499
820 821 29226
832 823 29566
831 829 25997
828 833 7148
831 840 18201
838 834 16098
821 837 32525
833 834 19883
840 833 25443
830 834 20658
824 834 9169
825 837 9728
827 826 1723
825 821 24806
833 823 1730
826 834 15304
830 836 7644
828 829 21852
840 835 12823
837 824 31972
825 823 31087
831 836 11559
827 840 5475
829 826 5170
823 829 27695
840 830 13867
823 834 13522
828 821 27580
827 834 5195
831 822 16615
837 838 23983
836 827 7984
824 830 21515
821 837 18065
834 827 1066
836 838 29329
822 821 15799
837 824 13672
838 835 11865
829 840 8491
831 840 30389
836 827 22342
826 833 4220
835 839 6348
838 821 22001
829 834 1652
839 838 16005
832 839 30001
823 838 16770
826 827 9411
821 833 5848
825 823 20415
838 837 3978
824 837 2264
839 827 19023
825 836 14196
834 821 28253
839 837 21960
840 829 9601
829 823 25884
822 837 6118
824 833 28901
827 831 32580
827 823 32712
829 839 21575
837 823 2519
827 822 28784
834 825 1404
839 838 4032
823 836 26862
832 836 14566
828 822 11304
838 825 2002
839 821 30646
825 827 30161
835 832 20185
826 837 21412
825 826 14284
827 826 3372
821 825 15153
830 823 19365
832 838 7153
828 827 29317
824 836 29461
833 832 5235
838 830 30557
827 822 10496
836 827 13989
840 837 20732
832 829 30549
831 825 9886
838 826 27249
828 824 16355
836 838 23296
835 821 31935
836 829 11753
835 824 18469
832 837 23927
824 829 27110
821 822 13846
821 834 14588
840 841 1563
844 850 14525
853 844 16520
848 859 16643
860 844 21291
858 851 4185
844 858 12944
842 844 24731
854 851 29334
855 860 6590
859 844 14511
859 858 23438
851 849 32013
855 853 7846
849 847 31309
845 849 28147
847 848 26461
856 848 1406
858 852 13742
846 851 18514
841 846 7676
859 860 20146
859 843 22563
849 858 5896
847 854 32481
846 859 30506
851 852 26237
841 858 6380
843 850 9625
844 849 25621
847 841 18887
858 844 2354
847 851 15768
849 847 15333
847 851 21557
850 860 24720
854 843 20173
859 841 20634
858 856 4695
856 853 12704
857 851 14457
850 856 32580
851 858 15506
845 856 9350
856 857 20032
841 849 10435
850 851 23761
854 848 21970
858 844 19329
846 844 10194
855 847 31864
855 853 7336
856 842 4323
846 842 26692
856 845 28314
859 852 31774
854 841 24624
846 847 908
846 851 2667
850 848 17381
856 848 2663
860 844 1667
855 849 27128
854 849 9260
847 841 17420
848 850 17510
847 846 277
846 848 14529
854 857 5059
851 854 23326
854 850 8343
850 844 20345
841 852 3869
852 859 19653
844 849 14788
849 843 28115
841 849 22962
854 847 21093
841 859 30216
846 842 23000
846 860 6768
847 854 19459
857 850 30442
855 845 10821
848 849 23346
842 856 29148
853 844 21053
851 848 8684
846 845 1684
845 846 10990
854 853 7835
851 858 23128
858 846 30726
853 857 11450
857 851 9231
852 855 432
842 852 21024
859 857 18505
846 857 1298
850 845 12253
847 853 3894
860 861 2157
863 873 29625
872 861 5871
866 861 43
869 880 1353
878 868 18220
869 873 4797
872 865 11658
874 879 4371
861 868 1370
869 878 23500
877 861 20178
879 872 8729
861 877 13547
861 875 24947
869 878 19474
874 866 7682
880 868 2934
869 877 3900
865 869 32182
877 876 27223
874 864 19445
872 869 396
867 874 7841
880 868 26178
874 862 26998
868 876 28039
873 876 9340
861 873 12693
872 876 16915
861 874 16430
869 868 29261
876 864 25869
873 875 1571
870 871 14538
869 876 6475
864 874 8153
868 866 8114
861 866 654
871 873 7153
879 872 3670
874 877 11823
874 862 4472
869 877 26449
861 880 19997
868 878 27237
873 879 18040
870 873 30379
874 879 21311
880 879 1709
867 871 7892
863 876 21822
868 878 13007
873 863 24417
867 875 29387
866 875 29278
869 864 30369
865 862 3987
876 871 1913
868 879 31687
879 868 24146
875 873 15871
868 879 30714
872 870 12849
869 861 12680
873 861 13887
873 875 14802
878 876 27684
878 871 1915
868 871 8766
861 866 16524
865 864 15118
875 865 10165
861 879 30703
863 876 1186
871 864 26259
879 872 26646
865 878 28479
864 861 29085
865 878 12836
868 871 11290
880 876 5192
878 868 32637
866 861 8403
869 870 26975
874 879 18887
865 880 31579
871 877 11109
866 871 21857
869 874 20432
861 863 17229
873 867 7337
868 872 8328
865 862 8896
861 866 31114
863 874 2057
874 875 25190
868 869 18036
875 863 29391
867 869 3679
868 872 6969
880 881 20920
898 894 25601
893 883 25866
881 882 28344
896 886 19970
887 898 4883
882 884 21312
889 893 31756
888 894 16225
887 894 3882
895 888 6565
896 887 30492
890 883 26800
889 883 13311
895 892 30749
887 899 26381
896 885 8207
899 882 31877
892 881 17887
884 886 11785
889 900 18324
890 891 26829
890 893 20428
889 884 15936
881 882 15933
895 886 31526
885 892 28926
896 885 8237
887 899 23849
898 895 4232
900 884 6563
896 897 11803
883 899 21768
894 897 6195
897 887 14348
886 896 10471
888 884 32721
882 900 28307
889 900 14337
898 893 2567
893 897 31411
883 892 24423
886 890 3160
885 888 14027
889 900 7245
900 896 4898
893 888 30406
892 889 30947
895 892 6945
891 890 27537
899 886 500
888 889 24610
885 896 30790
886 890 5055
888 896 25045
897 884 29058
882 890 606
895 885 18198
892 883 11832
890 899 18279
892 881 1224
885 886 5062
884 883 11161
889 883 1832
881 882 30487
898 893 7275
888 900 5693
892 889 20427
881 886 16578
886 891 7402
891 882 9086
889 896 1552
899 892 25884
885 888 13979
896 892 11619
883 881 8626
882 898 11143
886 900 18350
882 884 15475
896 890 24553
894 883 6117
892 886 20935
890 888 25547
885 896 32563
885 893 18256
888 885 13292
886 890 9071
899 896 26708
896 882 1291
897 890 15265
900 888 17630
883 889 26779
900 884 11192
892 897 20817
899 900 26089
899 887 24936
892 882 9931
894 882 17392
892 890 9668
887 898 4331
883 882 10302
900 901 30687
919 920 10334
902 901 22574
915 905 26247
919 914 32016
917 914 25582
914 912 8790
912 913 30407
914 920 20586
904 901 27854
917 901 20774
907 913 5956
907 905 19567
904 902 13197
913 910 21188
914 903 32281
903 910 3356
903 905 26944
910 901 17600
917 906 44
906 913 19216
913 907 32280
916 906 18514
911 917 9313
909 907 29169
909 915 28218
914 917 27619
907 906 30477
906 902 30220
910 917 20682
909 917 19919
916 920 12718
903 914 11579
909 910 23881
904 917 23658
909 902 2777
911 905 12044
902 908 23330
908 920 22337
902 903 17011
910 906 31
904 910 12159
911 912 30114
909 906 15908
918 906 3280
908 911 32097
919 907 22110
906 903 18953
903 916 14102
909 916 3056
917 901 7373
902 914 20905
907 919 31659
908 904 26384
905 907 24339
907 906 9515
918 909 29294
917 919 28212
904 920 18850
916 913 7878
904 908 11781
918 907 17783
918 901 7168
918 910 15480
917 919 16070
901 903 23785
915 916 25291
909 915 507
919 920 23768
908 913 550
902 901 4858
910 917 14069
904 914 32149
907 902 12334
909 915 27237
919 903 21871
904 917 22579
908 918 4464
906 904 14728
913 917 15496
906 912 7588
907 915 26664
915 903 31363
904 901 31594
911 907 26554
910 915 20715
919 901 22886
903 917 18558
906 914 9103
914 905 4992
902 909 4524
912 916 30940
904 917 31524
904 906 30194
904 913 17669
918 905 3078
910 908 584
907 905 17891
905 902 12121
906 913 8149
911 901 10940
920 921 3107
928 936 23561
926 934 24755
922 923 17300
926 930 7810
939 929 16504
927 931 18955
937 934 2016
924 928 994
924 921 24522
935 925 19198
936 935 140
925 922 24208
926 921 23531
928 933 9048
930 938 15749
939 934 20692
939 940 6099
930 927 3266
936 925 10781
927 928 4038
938 923 20233
932 921 1081
922 936 177
926 934 6244
928 927 18022
929 938 18366
924 939 8585
925 938 15074
940 935 31260
921 932 23631
934 926 20735
938 931 28737
932 928 27895
938 921 12311
925 932 8420
940 932 11811
921 931 31970
927 934 11490
939 924 2335
931 923 11486
926 922 24748
936 927 20179
939 935 29591
922 924 21455
934 939 13068
927 928 4953
939 933 16212
939 923 16369
925 935 12003
937 940 21599
939 928 32481
931 922 6317
927 933 194
927 925 25539
925 936 30196
923 940 9972
929 925 20908
922 937 31498
936 929 6736
940 931 25228
934 929 28445
923 935 21330
923 935 7147
936 931 27047
924 935 13386
933 925 31111
922 929 14412
921 925 5818
923 934 6315
937 921 13018
922 936 23864
940 939 10380
935 928 1975
934 940 1391
927 929 24205
926 925 12430
925 928 26095
930 939 14678
932 923 17262
928 923 15210
938 929 26397
933 939 26045
929 932 28320
931 937 26590
940 930 6622
930 938 24164
925 927 9780
922 930 24523
926 939 19550
922 940 5457
928 930 15975
934 935 26505
926 931 11875
934 930 17604
935 923 27590
929 935 30590
928 933 21645
928 937 30061
923 933 150
931 929 5103
940 941 220
960 942 13533
944 948 6514
954 946 22293
945 959 21618
956 945 4155
952 955 32054
953 944 24948
945 947 20122
944 952 10040
942 954 13340
956 947 9320
957 949 15626
952 942 27460
951 941 6693
954 948 15105
953 950 357
947 950 24323
955 944 28859
951 942 17680
948 950 20484
958 946 27130
952 946 13204
949 943 30850
951 945 19446
956 960 5263
951 956 13529
952 942 23789
941 958 9285
950 948 16432
956 947 17544
953 943 25961
950 947 5755
955 945 12242
945 951 26391
960 954 23713
957 954 31333
952 943 29853
946 948 24410
958 959 22314
949 947 15127
941 958 4837
950 955 4006
950 960 8211
945 960 24880
953 950 29533
949 958 30263
944 943 21437
959 944 4704
958 941 29831
959 955 18639
945 948 7404
944 945 10791
947 944 12399
952 953 29600
953 955 18463
951 950 20447
956 946 19097
954 952 32620
943 952 8477
958 941 11772
949 955 23096
944 948 8939
957 942 20177
960 954 11923
947 946 17568
951 945 877
941 953 8535
954 946 24857
946 947 7166
947 958 26816
957 947 1623
941 957 28014
945 954 22087
955 946 26708
960 959 6034
957 960 14361
957 943 28782
950 957 19357
943 941 30650
957 960 7126
955 944 20954
947 953 13753
960 951 29063
956 942 23630
957 958 1047
954 958 19539
959 944 3335
942 944 13861
953 956 4812
953 941 26567
952 947 3894
942 958 12345
954 950 10221
956 942 3718
958 944 6094
954 947 4649
957 947 14385
956 954 16317
955 948 20832
945 948 9237
960 961 21447
973 967 20785
972 970 26532
969 972 7077
972 968 28485
967 979 25709
963 966 14350
971 962 23117
968 971 14561
967 968 14112
975 967 28833
966 980 24783
966 962 19939
965 963 21185
978 961 4360
977 979 7169
972 969 25690
965 980 24436
976 962 483
969 972 28368
961 973 15630
975 962 7729
966 977 13919
974 967 7557
969 970 29111
964 961 20003
966 971 3081
972 971 32327
966 978 29548
979 977 334
977 970 23780
974 979 4833
964 972 19806
961 976 9333
971 961 30648
967 961 28614
966 971 32710
966 971 15931
974 977 29358
971 969 5202
967 968 1820
977 962 10632
980 975 3098
975 967 6227
974 967 25482
964 975 20270
976 968 3480
971 978 21192
970 974 13472
969 971 8909
965 963 25946
977 961 24041
971 972 15689
970 969 26356
971 979 27072
973 962 7271
963 972 25598
967 965 31880
980 974 31529
971 966 9204
978 980 825
979 970 16746
973 967 30730
970 971 12550
974 973 7725
970 974 16980
965 966 14141
964 971 2008
970 980 19892
969 978 17412
965 977 31899
969 967 26290
977 979 31113
967 961 26525
973 966 7116
977 970 28011
972 963 12727
962 968 28234
964 962 15710
968 978 7724
965 979 15441
975 963 24612
976 978 31253
967 980 23414
964 963 11108
973 962 6742
973 968 16514
979 965 1895
969 976 3882
980 962 2174
969 972 14551
968 976 10297
980 979 6272
964 967 3415
969 966 6906
976 961 13835
961 971 16282
968 977 24214
975 973 10968
967 977 30180
980 961 17142
980 981 22545
994 984 20220
990 989 1525
986 990 4750
992 981 2598
988 991 30048
982 983 32542
994 995 31570
998 982 1883
997 984 14979
987 989 20404
989 993 9941
985 996 13634
993 994 1723
981 983 13186
983 989 17223
987 994 9376
982 991 5581
986 992 27917
999 990 26531
982 990 13517
990 989 7355
988 999 9245
997 999 2089
989 994 1630
990 985 477
981 990 3448
988 999 3855
981 989 258
999 988 23347
984 996 16369
1000 981 28020
1000 981 28842
994 998 9978
993 987 23201
998 1000 14485
1000 982 32237
993 984 29309
983 1000 24693
988 990 10051
981 986 1450
984 995 25390
984 994 27881
986 982 917
998 982 5103
986 996 22005
988 997 9746
985 986 25818
985 997 1561
993 991 2248
986 981 4066
992 997 17873
987 995 6205
992 988 636
998 988 9384
990 993 19229
997 995 25031
984 993 11483
989 984 22230
992 987 19955
984 986 1377
997 990 21750
994 981 24583
991 984 32534
989 992 6167
982 984 1469
983 991 320
989 994 13829
989 1000 952
994 981 28876
998 996 6262
995 992 16498
981 998 26751
992 989 22920
998 983 12113
989 986 17911
1000 990 16882
1000 994 13931
997 985 26416
997 990 5125
994 984 21259
992 984 31900
985 996 26221
999 983 26141
981 986 7574
985 983 18883
996 981 10978
990 991 32322
990 998 26842
992 985 24603
993 982 26028
981 994 8622
996 997 7035
990 997 10441
989 985 17454
999 984 19908
982 981 27807
988 997 12396
991 983 19033
984 987 14662
984 996 12368
