2000 1009425
860 952 5247
1771 1243 5679
1902 1082 3972
2285 1121 5994
2993 1253 2007
3863 1026 1921
4401 485 3646
5316 158 7864
6025 1443 2662
6066 1388 4151
6967 410 6641
7454 1242 3805
8204 1185 431
8603 1374 7611
8988 526 8129
9273 675 5837
9468 781 82
9916 306 7413
10444 250 9539
10775 270 5302
10870 1049 5384
11262 22 801
12152 910 6325
12226 225 6210
13180 988 6992
13796 465 9218
14708 615 5404
14842 662 2143
15599 1190 2452
16085 1549 6455
16119 1158 1421
16334 708 3038
17122 210 5648
17768 911 796
18177 631 4400
18457 18 8249
18963 400 915
19643 336 4852
19754 1089 2210
20241 983 4712
20613 24 5142
20633 1998 3574
20743 751 3818
20955 276 8118
21905 17 941
22469 1354 8166
22980 814 142
23393 1589 8687
24244 1594 2956
24925 148 4069
25273 1752 9543
25474 1933 1788
25486 1115 8877
26054 401 283
26710 518 7539
27058 463 1587
27120 1494 4447
27797 1789 3108
28034 38 553
28308 856 2425
29276 1164 480
29429 982 4345
30402 1077 4978
31201 50 6585
31430 507 9822
31799 668 9985
32172 13 278
32579 643 2234
33475 168 4858
33570 269 2455
34457 1557 7252
35090 1738 7243
35167 1715 1822
35340 1114 4958
36140 1744 8215
36477 905 7170
37069 678 2049
37788 308 6946
38678 384 2789
38804 83 310
39220 1412 1960
39340 1898 8209
39934 1559 7785
40191 1273 2121
40402 1486 1311
41082 95 5514
41502 1671 1636
41630 61 6682
42374 823 4249
42866 1175 532
43423 733 1679
44169 969 5498
44322 1490 4580
44480 945 5138
44770 108 9860
45310 1362 1774
46038 1920 1777
46445 127 6645
47212 720 1294
47399 312 9844
47818 1841 2499
48652 649 6483
48783 576 7870
49377 1072 8057
49908 1300 9253
49951 1647 5143
50641 938 4111
50839 442 154
51696 62 2672
52432 259 2169
53370 1075 3004
53506 1711 6394
53988 1438 6077
54011 506 10000
54629 1631 8561
55497 1828 2676
56206 1836 6664
56846 537 4901
57790 1758 2208
58582 1165 6769
59416 1019 9847
60172 1613 4873
60222 367 5749
60900 1473 347
61018 1584 4298
61896 354 1161
62480 25 6651
62613 1171 579
62697 128 3778
63178 608 6641
63962 1263 3584
64431 584 864
64997 1842 3750
65695 1101 303
65864 1163 5990
65978 1390 9562
66670 494 5012
66845 1670 2362
67257 1820 2236
67740 1509 3078
67848 1120 2981
68112 788 9203
69015 456 2253
69138 619 2434
69500 842 3620
69609 1551 5466
70597 670 9847
71420 188 1108
71582 1195 9712
71951 1352 2932
72538 974 2287
73220 54 5854
74176 511 176
74733 435 9211
75608 1456 1715
76462 117 2772
76701 1360 6583
77165 280 6983
77683 705 1535
78462 919 6481
79120 233 1881
79429 197 7228
80027 1457 2500
80712 683 199
81407 329 4860
81669 1116 9523
82527 561 1910
83432 727 4597
83744 1795 2162
84712 1606 1774
85598 78 6997
86365 388 9838
86939 780 9478
87665 680 118
88531 876 3135
89338 286 7128
89498 1755 1156
89756 1336 8631
90245 933 1603
91210 1445 1266
91611 503 8175
92245 1321 7407
92785 1413 6665
93664 959 1145
94653 1055 5197
95565 1223 3555
96205 1432 512
97078 490 1997
97683 185 3029
97831 1418 3250
98653 872 2456
98835 240 6160
99364 1508 5933
100065 1030 894
100899 824 9842
101053 1403 2335
101859 1104 9485
102809 1460 1368
103535 152 5989
104485 1294 275
105422 1046 3096
106244 935 8235
106652 731 7554
107632 724 3914
108066 1619 6075
108228 1250 1372
108965 946 5546
109840 408 674
110075 1470 3510
110122 1617 4912
110937 281 238
111494 368 9350
111625 424 7180
112604 602 6671
113201 1392 8502
113472 364 6892
114310 1938 4198
114841 412 4839
115242 963 3990
116234 1150 1293
116946 784 2636
117189 1100 3924
117780 1582 6799
118562 565 567
118668 960 1270
119365 642 1519
119929 698 9394
120711 1951 6880
120787 1571 1456
120981 1567 5301
121811 237 8651
122781 1622 5212
123609 627 2925
124370 1257 761
124932 161 9515
125100 1824 2209
125530 1079 6861
125919 850 1660
125948 1598 4981
126700 865 2009
127208 528 9298
127419 1317 6652
127602 1859 4142
128280 1229 1143
128743 1447 3727
129003 1430 2379
129616 1760 1023
130026 177 542
130225 137 9186
130282 597 6930
130481 645 1516
130533 1643 2894
131156 1217 9044
131455 1503 3509
132440 191 938
133427 912 2160
133480 1064 7022
133511 1524 9912
133892 773 8621
134019 1274 6868
134572 569 3710
135079 1696 9634
135671 690 1455
136324 527 3992
136903 552 3322
136945 1401 833
137253 1106 2168
137985 421 8444
138771 657 7796
139001 1147 4063
139320 487 2538
139918 157 1573
140536 1731 927
141487 1002 5892
141977 832 5388
142578 272 5855
142728 1687 4993
143374 845 3963
144186 892 5818
145073 712 9350
145328 1668 3194
145383 1209 3385
146135 1580 603
146913 1705 310
147796 899 3300
148283 248 9819
148815 328 5155
149523 1680 3825
149812 1035 570
150413 1912 6576
150664 669 9737
150998 470 9377
151690 29 2126
152402 1291 5992
152904 774 491
153863 847 2703
153901 252 6982
154677 1602 8554
155339 984 5089
156067 600 4228
156898 893 2247
157791 1256 1132
158572 254 2144
158649 1029 1309
159183 1194 757
160040 877 1598
160654 1091 801
161532 741 9508
161652 1249 26
162500 1883 9704
163214 1235 1777
163245 736 8237
163763 623 3045
163786 1978 1926
164551 1712 6281
164572 211 478
165479 277 1092
165995 377 1216
166051 785 7024
166950 891 1027
167709 1855 325
168404 1488 8943
169300 572 5872
169503 931 2144
169861 1574 7225
170038 1051 3773
170917 376 214
171733 665 3401
172042 1511 2090
172886 663 9261
172903 251 462
173698 441 9054
173999 93 8223
174594 793 7035
174787 1909 5023
174912 998 3595
175624 1830 8782
175843 1773 9668
175960 34 5347
176213 1465 3247
176849 508 8049
177740 1599 5657
177947 1048 1690
178317 175 9163
178539 260 9356
178923 654 7200
179313 1129 7263
180061 697 2686
180813 1133 2749
180921 447 9372
181670 1829 9723
181844 1754 2430
182810 1168 4021
183641 1042 1374
183659 324 4904
184009 249 8025
184831 1296 1398
185646 1913 5692
186056 419 680
186480 178 2413
186767 1716 3390
187747 208 2448
188030 638 3528
188493 939 9237
188832 1074 1139
188927 886 3716
189553 1502 6303
190430 1579 3381
191061 390 9407
191313 696 158
191855 1770 4284
192141 1908 8872
192583 35 7391
192924 1109 1190
193168 422 7343
193408 1293 56
193796 1648 8230
194054 1086 3551
194818 1639 8709
195328 1794 5805
196210 1467 8775
197040 1372 6501
197907 1741 9258
198096 676 2665
198231 1946 9346
198922 914 2388
198925 114 1163
199739 213 9460
200200 7 1678
200816 1893 7770
201433 411 4778
202383 634 7572
202507 14 3881
202661 473 7310
202714 274 437
203556 263 4512
204286 818 3820
205055 817 3664
205574 460 5640
205781 1593 8820
206113 1067 6371
206982 846 5586
207862 620 1010
208518 1959 535
208905 310 2091
208986 1276 6216
209361 1810 4422
209770 703 5883
210373 898 6796
210531 234 2252
211000 1849 532
211516 1094 2133
211916 1215 1545
212710 74 3669
212977 523 7239
213315 551 638
214133 90 549
214784 1039 2969
215234 1550 8191
215455 1236 6777
216281 1553 809
216400 121 6577
216947 976 2690
217246 489 2678
217779 1369 7588
218505 499 1660
219409 714 3790
220110 71 1430
220239 1433 962
220473 244 5446
220619 235 1059
220644 1299 1264
220986 434 4432
221127 464 2634
221468 1796 9215
222169 72 1971
222360 500 9758
222892 759 6726
223877 763 8681
224562 63 9277
224962 1533 8741
225253 550 8734
225792 1692 9090
226118 533 780
226168 1427 844
226593 509 4180
227460 1339 2569
228440 1767 6755
228726 1340 134
228971 1945 8262
229146 831 3214
229923 1560 8191
230801 1867 638
231434 1328 4760
231586 1435 201
232233 247 7499
233179 1627 2326
233929 413 1316
234019 1737 940
234411 726 7200
235316 887 4668
235733 517 8175
236343 660 646
236787 381 7409
237233 786 9374
237533 1182 2141
237881 566 5193
237988 1974 4806
238273 102 6479
239241 296 9256
239532 1143 1471
240375 1292 2679
241021 940 474
241118 1870 8125
241338 1843 4425
241958 653 8747
242480 232 1095
242938 647 184
243126 1312 5287
243640 915 7393
243779 299 1628
243950 297 338
244391 674 8207
245042 1595 1504
245259 916 4886
245811 1226 2743
246490 1496 6999
246628 28 8842
246750 1787 1400
247730 205 3485
247815 1245 2917
248738 361 8614
249499 688 4450
250361 1402 1505
250976 1663 858
251055 1431 6078
251810 446 5238
252621 1817 180
253394 315 1066
253773 201 1318
253979 861 7447
254879 873 887
255218 3 1440
255382 1032 1727
255841 1847 499
255946 4 2482
256692 1289 8559
256890 186 922
256959 1278 6899
257596 1535 1611
257715 1819 5499
258256 1172 7664
258722 467 7888
259078 8 8197
259344 740 8825
259635 1271 9634
260485 1708 2984
260600 431 1495
261346 628 8997
261765 1138 9485
262075 406 1905
262867 356 2303
262979 457 9971
263864 209 3120
264210 907 7230
265027 1757 1174
265188 402 5448
265472 799 1441
266110 241 7087
266871 1970 1446
267343 1241 1561
268323 1237 604
269220 802 5262
269676 353 2009
270455 52 1140
271351 1651 9101
272334 236 4503
273176 1290 3556
273204 1377 2734
273647 1492 4545
273845 1252 4727
274400 1173 7236
274474 779 6140
274639 1563 6952
275250 1682 8953
275371 1105 536
276180 1166 2710
276212 129 622
277102 821 3469
277369 1572 3599
277633 591 1545
278509 655 938
279058 140 7498
279386 810 4371
279460 809 4333
280220 1778 518
280400 1040 9029
280851 613 3462
281467 1151 6534
282148 1895 5328
282330 658 3779
282568 1528 331
283549 1762 1694
284205 1771 6880
284916 789 7163
285689 41 6329
286546 624 4883
287337 110 683
287724 1139 271
287952 217 4491
288145 1184 7404
288541 1311 9207
289519 948 8460
289634 200 844
290241 1455 5746
291235 991 609
291480 215 4192
291961 1969 2977
292711 987 6717
293347 1345 3163
293507 443 2284
294378 972 6647
294660 359 8989
295287 112 8986
295655 439 1787
296477 557 4911
296802 1637 1914
297180 335 191
297602 231 1586
298469 1869 5191
299417 1776 6302
299513 1660 6612
300085 344 5191
300503 1987 6460
301323 711 7393
302128 385 5017
303000 1485 7798
303298 1942 5324
303649 6 8117
304522 1990 1087
304617 1519 1074
305264 973 896
305619 42 6707
306604 875 9622
307264 1346 6618
308261 1955 2298
308826 1200 149
309429 1414 5490
309958 1695 1229
310570 1320 2539
311019 85 8614
311160 1894 2771
311517 1220 14
312244 45 6008
312386 266 2343
312915 1932 5381
313537 1282 4939
314274 189 1614
314706 732 612
315630 1277 4948
316271 1208 2970
316361 1404 6499
317014 1995 5302
317636 884 132
317884 134 6693
318362 1232 5311
319087 858 6570
319571 257 9473
320118 771 6457
320677 1424 9324
321616 800 9122
321981 1541 1970
322839 1373 1209
323715 796 9770
323788 482 6762
324206 625 5620
324336 864 5128
324530 313 4774
324925 882 9085
325767 901 9956
326413 1977 4247
326567 885 4235
327050 949 3689
327062 1469 2844
327342 1330 7419
327897 96 1433
327918 1976 7153
328164 1073 610
328820 362 914
329286 585 1861
330001 1393 2002
330006 458 4413
330354 806 4200
331201 101 834
332101 980 8616
332195 871 2234
332564 1364 213
333085 709 2063
333197 1251 6353
333226 1187 7054
333235 1295 2602
333863 80 6432
334694 1618 3474
335690 1204 957
335839 1080 1532
336226 453 577
336581 1098 2905
337212 192 7690
337432 1186 7327
337673 1697 9224
338588 950 4051
339113 1052 2799
339918 1578 150
340058 667 8939
340700 1149 910
340997 461 1903
341207 204 7130
341987 319 2146
342450 214 7330
343019 834 9435
343089 1386 1930
343417 1045 4430
344055 902 5180
344102 1140 6098
344726 616 8162
345208 1753 9418
346055 1966 5227
346134 1891 764
347094 294 5935
347370 1439 7121
347519 357 318
347719 318 7993
348424 1491 4801
348546 1177 5296
348916 120 653
349682 728 8869
350145 909 5618
350491 990 2478
350684 238 6920
351523 1971 367
351622 1505 5654
352144 648 2681
352612 1608 445
352817 166 8155
352823 803 9635
353120 417 9986
353823 611 5694
354291 1160 820
354821 279 1956
355030 1453 1756
355107 943 6849
355743 989 9814
356302 360 8456
356337 1685 7792
356522 1162 4618
357114 1468 5403
357374 1471 7920
358025 1513 2325
358584 1297 1414
359232 794 6772
359460 755 5065
360161 854 6751
361077 282 1257
361954 1633 2106
362678 1280 1799
362879 1967 3413
363075 176 4667
363182 450 6341
363271 521 3603
363586 599 487
363845 1180 2575
364760 961 4381
364871 1525 8262
365301 659 9952
366067 894 964
366541 1982 2287
367277 36 7190
367326 378 408
367912 1113 975
367956 860 8355
368453 888 3808
369111 1943 3342
369180 573 2520
369961 1548 3980
369965 1344 4759
370496 1306 116
370516 1261 7844
370590 1234 79
371511 1616 5643
371762 1489 7402
371927 1929 3523
372002 109 8344
372712 1904 5374
373398 1793 2448
373644 451 8411
373935 1989 8793
373960 488 6979
374831 1272 6054
375380 1331 5125
375639 320 9971
375746 230 3880
376063 1197 391
377040 1952 1782
377124 593 1738
377363 1530 9638
378030 883 4693
378151 918 1136
378274 1201 6805
379085 1916 5558
379298 496 4630
379798 1827 7834
380000 1130 5620
380079 1900 7542
380335 76 4368
381047 651 9518
381124 1482 2901
381504 745 8893
382425 1419 961
383216 242 7762
383259 677 7463
384170 1526 3675
384963 1545 5810
385586 1779 1801
386024 345 6768
386221 1154 4580
386732 1960 2636
387149 31 234
387176 967 877
387457 1024 3902
388375 1739 9036
388412 348 1
389073 405 2329
389157 1686 8633
389461 432 6595
389912 641 2277
390367 190 3408
391011 562 9983
391799 86 5569
391940 598 4858
392622 351 3747
393622 1852 1276
393690 743 9539
394253 758 9335
394491 350 8846
394838 1665 9888
395048 1641 4538
395695 1688 3083
396027 1625 9048
396643 239 1634
396879 369 2351
396938 730 2028
397573 492 5548
398514 184 4535
399079 1083 9252
399806 92 3792
400591 859 374
401097 722 2500
402015 1497 4364
402174 1323 9935
402267 40 3535
402766 343 2464
403667 194 1485
404463 293 1801
404722 273 253
405102 429 8301
405491 65 437
405493 1408 1636
405988 881 4405
406345 560 5833
406927 1527 91
407497 1592 3320
407678 1871 6658
407845 867 3599
408667 644 3416
409548 226 527
409580 1562 9386
409594 897 4980
410330 1840 2405
411139 1033 1287
411533 1305 863
412036 1221 5855
412705 469 3238
413375 1270 282
414019 327 7443
414150 828 9848
414318 1110 5512
414953 650 7104
415319 840 7920
415564 1681 8901
416377 1410 2679
416559 371 1635
417336 182 1527
418200 162 1040
418965 116 1379
419295 365 1395
419794 502 2088
420406 1355 4349
421017 985 5716
421181 932 7723
421200 44 401
422019 349 9435
422710 548 6315
423158 1683 8852
424083 156 586
424978 629 3880
425822 1199 2539
426058 1396 7368
426178 1343 944
426913 1127 1594
427580 890 7064
428081 1385 7802
428623 1915 8288
428641 656 1612
429283 407 3967
430132 1906 308
430344 1834 8615
430355 811 5877
430636 51 150
430673 253 7713
431141 635 7976
431418 2000 5647
432214 1495 1253
432862 1283 5900
433421 1333 269
434389 32 1575
434545 1459 6166
435520 1380 8025
435550 1640 6609
436506 556 9264
436981 1349 7624
437671 56 4850
437937 1304 6654
438279 1568 6605
438577 1405 7306
439224 172 1077
439642 1774 6547
440203 778 8959
440632 752 3510
440798 1520 3340
441420 1615 648
441459 1228 5915
441533 1326 5388
442394 1719 6364
442724 1605 4
442956 962 3824
443393 1914 113
443966 1005 179
444803 1654 6879
445245 640 4599
445837 111 4807
446593 719 1659
447475 1365 2308
448429 586 92
449054 304 8991
449986 1672 820
450488 819 297
450762 1630 1724
451638 1338 4908
452305 937 2689
452844 1248 2402
453151 1919 9327
453258 1015 6586
453271 1662 3778
453796 1611 6306
453977 64 1640
454108 1799 7743
454284 448 2450
454720 1284 9828
455053 268 3931
455390 48 9232
456044 1084 5602
456357 1963 6906
456682 1037 1535
457559 227 3096
457647 1878 9077
458459 1510 8963
459397 587 132
459731 837 1412
460299 1285 6109
461200 1031 706
461739 1417 4326
462608 695 8898
463288 375 6118
463353 1010 4189
463846 174 7842
464372 1244 6188
465229 1704 5394
466020 199 8963
466675 795 8248
467640 718 7215
468047 1803 3061
468499 1940 4017
469389 70 6306
470026 738 8881
470109 1947 4481
471081 1246 391
471777 1231 708
472776 992 82
473113 525 3797
474067 11 1686
474933 1043 453
475886 790 2930
476250 686 7761
476804 1068 4317
477510 855 1149
478051 1590 6452
478801 835 8110
479582 1808 1317
480534 1189 1967
480537 519 8993
481245 1556 1835
482154 1673 8153
482365 1901 3545
482790 539 688
483086 1863 27
483903 689 2858
484429 1703 1065
484775 836 2836
485008 1219 605
485738 1225 7042
486128 1607 8082
486669 1816 6006
486694 383 1340
486853 1628 1975
487270 1038 8528
487319 1007 8789
488085 1213 6153
488524 1479 9523
488717 1461 9080
489202 531 92
489701 180 6005
490459 704 4881
491067 1310 5668
491727 1255 5827
492206 1288 5411
493031 543 4298
493661 79 3166
493733 594 6728
494443 904 8461
494672 737 7490
494857 153 6250
494903 87 1983
494982 1905 2006
495930 825 5164
496015 1516 5384
496667 1262 3447
496825 380 6224
497427 139 7365
497975 1581 7418
498909 1761 3088
499456 1034 6655
500199 305 7663
500367 1873 2803
500869 1484 9210
501360 1864 2558
501686 716 3836
502309 691 2577
502866 753 1983
503007 1566 4432
503581 1781 9439
504426 1222 4973
504679 1301 1316
505614 478 2794
505908 1000 3677
506708 1835 3281
507406 53 539
507735 416 591
508229 1428 8921
508949 165 5097
509510 607 9581
510480 1013 731
511435 1547 1105
512401 1506 9228
512927 49 5366
513218 1347 485
513982 483 35
514405 1230 380
515353 516 6529
515538 1587 4846
516461 699 1652
517005 1532 8349
517766 1866 3559
517805 1119 7423
518179 1892 3538
518959 206 8627
519319 256 6370
520082 1123 115
520897 953 360
521701 5 8831
522008 338 1062
522279 618 4176
522959 1448 994
523430 1507 4011
524174 993 1682
524849 922 6252
525436 1446 1074
525606 798 5251
526145 1614 2147
527138 1383 1789
527651 878 2610
527892 1802 1863
527993 853 2906
528818 325 8353
529011 544 8363
529497 822 5406
529629 99 9359
530492 1798 5887
530943 1329 6182
531536 978 6477
531867 848 9830
532460 271 1630
532945 504 5008
533931 541 9097
534926 223 2257
535787 1964 8773
536074 1750 8035
536805 1353 9177
537670 1954 4806
537913 1570 243
538675 1332 3811
539652 382 383
540486 956 1090
541388 392 9456
542034 721 5702
542326 1655 921
542803 1597 3054
543460 1543 5763
543784 498 3272
544253 944 1795
544837 100 9890
545604 776 5013
545861 1986 9373
546493 341 5791
546667 379 679
546839 1268 4821
547052 1136 360
547478 1925 4776
547493 906 8337
548255 94 510
548481 1861 2140
549158 1678 722
549750 936 6556
550717 119 2374
550750 1644 4385
551191 1564 390
551923 224 9654
552072 57 5785
552801 1382 6874
553662 1066 5486
554281 1131 2382
554370 1371 2006
555179 1707 7956
555897 1540 9660
556036 1281 5756
556565 262 3559
556813 1918 9121
557524 1212 3375
557808 171 7217
557919 1999 6311
558154 145 3510
558932 1621 6920
559788 1069 7168
560183 1422 4415
560334 1756 6642
560540 1733 3850
561503 1324 189
562240 1658 4769
562264 151 5232
562986 1522 6657
563777 1924 6372
564255 1956 5865
565144 1044 4334
565768 920 340
566299 245 3229
567252 1099 1248
567761 1980 1007
568190 1844 9518
568955 1721 7615
569746 332 9987
570351 1434 3662
570536 1638 457
570766 26 3043
571365 1677 1764
571927 923 5300
572553 1003 108
572934 126 3979
573262 1429 6223
573876 1216 7468
574338 1679 918
574344 1812 8194
574447 538 5712
575229 1076 6533
575357 770 8427
575505 1400 9845
575806 838 6131
576081 947 1432
576995 1740 7648
577031 559 6499
577880 389 123
578714 395 2619
578815 1070 3089
578980 1777 1697
579622 1822 9911
580054 1146 6004
580546 735 2731
580879 1944 6913
581447 418 5251
581576 514 370
582376 1159 6486
582421 614 467
582472 374 2123
582643 1481 8824
582770 1254 7171
583690 1368 8508
584054 895 9781
584189 928 7083
584747 1804 7895
585163 652 6071
586086 1238 6399
586614 1523 2079
586839 1081 7734
587169 1620 3322
587465 646 150
587632 1087 285
588512 1962 9604
588851 43 7946
589049 1196 5513
589878 1876 8648
590763 590 8968
591501 921 3521
592401 702 8413
592523 1518 8128
592838 826 5442
593214 1192 6703
593620 1854 9826
593746 1258 3814
594563 459 4398
594752 1788 7982
594876 1504 1446
595723 1544 5633
596378 143 633
596831 1939 6699
597545 275 2153
598348 1769 6208
598869 1782 579
599792 1537 6578
600368 285 3617
600974 1765 6049
601367 1309 8518
601627 323 4809
602317 346 2255
602906 1313 2178
602995 146 950
603715 1356 3247
604669 1709 3105
604993 520 1446
605107 1233 4762
605184 746 8422
605356 1950 4361
605721 633 10
606608 1780 8698
607564 27 176
607679 1693 7230
608321 1179 8872
608462 1307 7801
609214 1728 1782
610048 510 7537
610485 1860 4012
610956 1319 2021
611560 415 4590
612094 981 2499
612907 1805 2533
613495 1409 9549
613827 98 1725
614605 1710 9253
615601 164 2014
615901 839 5810
616451 486 5595
616477 445 3664
616573 196 3678
617377 355 5728
618003 479 4359
618688 1398 8407
618974 700 1037
618988 37 1263
619245 454 1931
619650 1838 3657
620575 829 6504
620580 1554 4774
620678 216 690
620742 621 9227
621064 181 6198
621623 1337 3439
622282 398 4230
623134 1267 2534
623710 258 699
624089 1357 817
624942 1529 3182
625684 1656 3116
626327 975 733
626596 187 6921
626988 1387 968
627064 1298 6673
628053 1561 7238
628340 1416 9082
628990 1148 3428
629914 1706 3512
630514 289 9258
631093 1700 9864
631751 1144 7218
632091 762 8683
633015 596 185
633734 1480 4303
634655 1800 1355
634835 1958 8687
635831 125 5351
636430 106 617
637154 808 1110
637963 1167 3719
638647 1806 2378
639328 827 5999
640235 1645 2788
640934 278 4808
641892 309 6403
642609 1936 6127
643198 147 1230
644198 1583 349
644347 1142 961
644431 1698 6160
644599 775 9616
645457 694 1387
646138 664 4930
646501 1823 5058
647184 1351 7429
647743 1425 9528
648044 326 2956
648668 1406 8873
649275 1575 1077
650092 1302 5304
650441 73 9915
651317 1394 9916
651963 124 876
652168 1426 4728
652852 958 4524
652941 1801 7272
653119 747 6589
653550 138 8911
654226 219 4169
654847 1483 4523
654904 82 1367
655830 964 801
656806 1699 7493
657637 592 1358
658268 1463 7990
659079 1378 3318
659798 1646 6011
660616 10 9874
661188 1996 29
661236 851 2298
662021 1327 210
662894 1111 990
663470 1153 6723
663901 1264 6391
664204 480 3748
664822 154 2567
665435 123 9292
665595 1534 7760
666241 1124 6095
666575 203 9586
667139 1542 874
667938 1675 3150
668270 1061 7243
668621 1021 5014
668847 1203 4851
669524 1972 3457
669690 1161 2685
670580 1928 4230
671240 1552 548
671614 609 8575
671791 1764 1659
672054 1676 1437
672486 1573 3830
672602 1022 5249
673586 1875 1777
673985 1266 3722
674311 925 8192
675201 366 654
676071 900 9988
676565 639 5198
677541 1279 29
678392 1389 71
679340 1407 8805
680189 889 9028
680378 491 7072
680997 300 5846
681681 409 1144
682219 1176 1921
682919 603 7957
683341 1862 2593
683532 1259 7334
684405 9 140
684677 955 1482
685645 246 323
686170 449 5152
686207 1821 1615
686397 757 7966
687274 284 2124
687709 1884 8325
688600 1499 7486
689391 1736 5112
690321 307 9159
690787 1397 9877
690833 183 1688
690939 1452 4635
690974 1585 7469
691603 428 6662
692259 1997 828
692772 1156 3288
692874 1141 4697
693436 295 1191
694148 734 4494
694859 512 6709
695187 1102 6492
695256 423 308
696165 1727 2250
696445 1635 157
697012 1056 2225
697830 1181 6201
698792 404 4071
699730 791 5368
700378 545 9155
701220 1642 6090
702174 466 3248
702425 1517 2957
702523 1890 9309
703010 142 5443
703920 89 3583
704027 66 4053
704782 1809 819
705609 1981 2139
705725 971 1451
706416 1366 7393
707113 767 3056
707439 1629 4927
707641 1851 3012
708287 1667 1535
708994 579 3471
709257 265 4012
709316 1558 3132
710187 334 9032
710788 1006 4237
711321 1474 2060
711474 1772 328
712013 426 6094
712710 396 6143
713028 768 9781
713233 1973 6423
713745 862 2404
714381 1877 8912
714500 1538 8654
714711 149 9074
715645 1437 4014
715693 1832 4334
716162 68 7747
716547 1684 9877
716656 1874 5052
716839 173 3510
717739 1539 9499
718556 370 9421
719412 1421 8560
720276 957 2460
720386 1078 9097
720766 1734 7715
721639 267 5896
721667 218 2944
722169 1743 9104
722771 1661 552
723167 1624 7288
723387 1846 7629
724200 754 8266
724592 1134 4881
724600 1303 9176
724818 530 5588
725759 397 5690
726360 749 9908
727051 1588 1982
727896 46 281
728493 1107 1025
729173 547 2803
729187 815 7165
729819 942 4044
730639 934 5054
731347 1214 1626
731420 1911 5230
731545 1992 1690
732530 387 1961
733455 578 7556
734142 532 7214
734572 81 1077
735438 1515 3826
735452 155 2274
735546 1735 4712
736134 1865 33
736457 1714 1829
736677 1979 2734
736989 1036 8820
737945 1886 2416
737963 113 4289
738953 812 4093
739734 1053 3505
739765 373 6081
740406 1269 4298
740868 1442 5811
741097 1586 3326
741633 476 8741
742396 536 4763
743179 1117 2316
743731 868 9791
744151 1826 9154
744234 1367 6575
744536 666 9208
744912 1749 7486
745725 687 9435
745766 830 2610
746284 874 3830
746566 1122 8129
747317 1831 6543
748051 1784 4356
748178 1436 6532
748395 198 283
748426 941 9377
749196 1600 2814
749827 820 2694
750686 1477 9045
751598 1466 7657
751610 1342 5544
752110 1623 5685
753022 1577 1293
753518 1193 4281
753608 1514 250
754360 999 826
754896 581 9567
755554 1856 1634
756163 1664 1250
756264 1521 4987
756492 75 9092
757081 1792 2903
757944 1325 2613
758707 59 2341
759452 1814 9945
759890 626 9682
760810 291 473
761107 1555 8940
761155 717 7809
761340 1596 1655
761362 564 8114
762010 769 7966
762115 472 9597
762209 546 2582
762309 954 4827
762411 481 3614
763340 685 7563
763429 672 9460
764385 1205 440
765122 104 1408
765787 1341 8637
766133 604 3980
767052 1961 3114
767158 1183 6768
768128 1381 2604
768703 167 7793
768917 1922 3571
769130 1206 7048
769304 1462 5404
769991 605 1624
770845 995 4235
771475 1702 4193
772411 807 2705
772499 1384 3732
773492 425 9393
774042 1191 5578
774248 841 3411
774994 1722 6082
775749 1322 8261
776427 1768 4631
777136 1612 7806
777574 1813 8182
777928 193 9014
778139 133 5419
778930 1941 5372
779388 179 6325
779822 342 2008
780505 1314 3866
781418 1931 9287
781648 1454 4357
781696 1569 1336
781975 1370 5480
782079 1984 3882
782923 1766 8786
783520 927 4451
783937 212 9974
783950 1725 4504
784129 1723 6962
784206 302 4260
784550 863 4766
784835 131 7023
785671 1917 1755
786383 372 2636
787080 47 4541
787982 1247 5630
788479 1653 1635
789432 363 5911
789992 1170 1632
790175 1358 5
790202 1610 2632
791176 19 1453
791664 1897 8866
791864 1011 8539
792339 554 1250
792626 1763 2342
793353 1145 517
794091 1985 4502
794766 1286 2662
795128 1896 7729
795389 857 8911
796341 772 7078
796794 1512 3548
796887 493 2486
796958 750 4919
797572 1791 8483
798152 1732 9155
798182 515 8203
798781 589 7552
799510 150 2905
799641 710 9475
800361 1815 1908
800807 1207 7861
800814 1949 977
800937 1807 5027
801728 729 1807
802397 1669 2629
803309 1012 7954
804269 1730 7932
804771 436 5327
805315 601 8146
805320 1907 4551
805646 1023 4750
806341 673 5830
806593 701 6324
806881 1720 770
807297 1923 4002
808180 1626 3017
809071 1783 6691
809660 1464 1041
810605 1 8239
811311 570 3631
811564 303 3093
811859 804 5025
812441 1742 5729
812934 67 458
813575 484 7141
813684 661 6689
814320 1335 7767
815025 1565 1753
815638 1975 5541
815836 330 648
815914 444 2235
816681 1632 3997
816987 1132 2085
817006 221 9897
817936 403 2808
818371 420 5834
818846 1666 6084
818987 347 4997
819592 1451 8695
819810 805 8688
820545 170 4006
821320 1848 3490
821772 522 5146
822315 930 7611
822376 1747 1638
822813 1880 9419
823641 582 9869
823736 529 8312
824240 103 4782
825069 1376 5127
825905 1487 3610
826700 2 1786
827263 1152 4550
827611 505 4143
827893 1440 1580
828659 1475 5243
829281 1937 5897
830166 1316 3290
831088 1811 5670
831240 574 3990
832146 340 1006
832647 1423 7500
832693 595 1364
833191 1260 3125
834001 1450 6133
834315 1128 1423
834486 1882 2066
835441 1097 5846
835739 1634 3552
835969 12 703
835977 1008 908
836004 1157 6628
836472 1227 4436
837382 997 5501
838035 1449 4902
838913 1287 5587
838938 553 1536
838978 549 9100
839475 706 7661
840237 1691 3387
840546 843 8574
841270 1062 208
841946 135 2157
842943 542 8537
843597 671 7975
844511 1729 2376
844550 1953 9925
845335 1476 6419
845621 1275 3420
845865 115 1929
846281 352 1208
846842 994 9770
847561 255 9266
847670 1988 157
848480 929 9429
849025 1472 1477
849047 261 574
849242 288 6507
849671 311 9833
850143 1375 635
850258 966 241
850699 136 4249
851429 1991 6307
851942 760 4897
852894 130 4837
853262 1885 8112
853663 1050 2393
854226 567 6213
854738 1017 2697
855618 1839 4127
855808 1092 3705
856118 1096 2986
856273 55 8186
856354 105 274
857284 97 1794
857627 748 1734
857642 322 787
858432 1103 4596
859150 243 2644
859692 792 5912
860540 1759 8277
861112 1458 8483
862037 1833 5557
862970 1399 5453
863517 535 6666
864172 1126 547
864302 1531 982
864425 1927 9124
864768 606 3383
865046 968 7718
865094 1902 3205
865096 782 1569
865486 220 1313
865758 1652 8970
866231 1001 5844
867077 783 2672
867184 437 2481
867608 144 9395
868449 1910 7130
868649 1348 2987
869333 394 1130
870306 455 203
870661 1441 777
870710 568 9741
870775 761 3914
871331 317 2631
871991 229 7104
872898 1689 5191
873751 228 4192
874153 869 9836
875088 563 4225
876004 1888 9074
876633 1857 1981
876661 1027 450
877286 617 8261
877754 1047 8903
877969 1359 3342
878435 1887 919
878577 58 4255
879218 1009 1260
879871 1334 7177
880827 91 7095
881566 1546 415
881703 202 3216
881849 1785 1253
881996 1926 5131
882994 1085 4152
883075 471 409
883799 1059 7583
884226 1391 5199
884405 1025 3155
884760 333 907
884946 636 1098
885673 497 2729
886097 1500 5333
886742 386 4171
887214 283 6231
887796 169 7894
888023 1395 1663
888518 684 4229
888759 1818 5958
889628 1724 9591
890383 290 2213
890523 692 5307
890647 1224 2380
891268 1845 3101
892256 141 8929
892662 1093 3951
893160 430 7685
893726 1748 9824
894533 1018 9464
895089 1137 8195
896024 637 1979
896492 337 5526
897308 1095 4221
898209 979 6111
898872 1218 8343
899753 630 7154
899963 1014 5077
900356 575 1987
901055 879 6696
901794 1786 219
902482 163 8411
903351 1948 2638
903579 1379 5122
903826 555 6800
904104 723 8581
904520 1604 3614
905200 358 1945
906102 816 4456
906462 427 5719
906882 331 136
907316 1872 3806
907323 870 6750
907547 610 5062
908114 1659 7434
909048 339 5801
909646 1903 2252
910500 20 9999
910918 1211 1471
911419 1350 9112
912326 540 8903
913017 1361 6041
913226 1174 2595
914040 965 9686
914102 917 7212
914988 1650 1288
915113 314 7831
915360 880 815
916346 316 1930
917341 1934 4452
917652 693 3640
918294 438 2083
919093 951 6928
919334 707 2602
919652 1775 6187
919694 1649 9514
920258 1745 1672
920501 1601 5409
921231 1713 8828
921631 558 807
922435 1041 4020
922516 462 1280
922710 1265 4007
922959 764 7552
923752 766 9431
924056 1536 7677
924955 1994 7862
925094 122 2140
925917 84 9800
926812 1993 2281
927029 913 9997
927845 264 830
928447 393 2259
929330 612 9866
929933 756 7778
930790 1363 5137
931088 33 4128
931782 195 41
932088 88 1920
933079 1065 3461
933517 713 504
934208 452 4558
934459 1198 9486
934489 681 7881
934616 739 1109
935157 1825 6568
935171 399 9996
935519 1169 4377
935925 588 3529
936557 849 5457
936706 1690 7390
937690 1674 9978
938579 852 7138
939363 15 7026
939499 159 1836
939561 1188 9731
939691 1694 1612
940396 292 9715
940893 1879 6888
941279 715 9775
941983 1090 5416
942598 60 3877
943314 1881 7873
944140 1063 4304
944830 391 924
945517 440 6035
946302 1726 1112
947271 1016 2278
947856 1108 7098
948366 1058 2806
949114 23 658
949596 896 7632
950201 580 3622
950817 1498 4121
951262 970 3230
952016 1020 98
952499 1178 4626
952622 1112 6749
953394 1850 1239
954051 301 2535
954945 298 8252
955918 1501 6510
955965 1444 4763
956694 107 2953
956762 39 6602
957222 207 629
957454 118 4957
958422 908 6672
958808 287 5269
959165 682 1742
959469 1718 4392
959504 1318 647
960162 1930 7620
960976 1591 1261
961841 1701 2181
962013 1060 2021
962688 1118 2858
963008 1751 3325
963234 787 3391
964232 495 7994
964338 1603 9187
965081 1493 1977
965804 1576 597
965897 1057 7400
965913 777 6187
966685 583 1087
967001 1746 6464
967573 926 7685
967817 30 4351
968710 1071 4113
969088 1239 1365
969129 765 6142
969972 433 8648
970447 1636 6638
971137 903 7069
971636 1125 1709
972433 622 6821
972829 1609 3665
973101 160 9603
973956 1240 8494
974278 1889 6536
974376 1315 1848
974762 1968 910
975545 1957 2415
976261 632 9941
977226 1983 967
977810 475 3200
978095 744 7494
978781 1837 2950
979529 797 798
980512 924 7757
980943 1790 8279
981765 77 5074
982398 524 7241
982869 468 1488
983864 1054 630
984063 801 2799
984973 1478 8150
985079 513 363
985731 679 1466
986061 1308 3237
986111 1411 764
986997 1797 558
987522 986 2835
988055 866 1685
988383 1420 2058
989075 501 1706
989713 1657 7326
990558 1202 4442
990808 69 5006
991057 21 4582
991694 1155 806
992319 477 2943
992609 1899 9032
993534 1210 6561
994036 16 1836
994722 1921 1986
995252 977 2365
995783 1717 8249
996173 1004 8026
997023 414 8551
997180 1965 128
997412 577 2476
997808 534 6533
998347 833 4447
999295 222 2190
999799 321 125
1000641 1853 8978
1000945 996 2218
1001638 474 6152
1002579 844 2297
1002686 813 6906
1003353 742 7547
1003747 1135 6103
1004068 132 7738
1004297 725 4049
1005166 1868 1260
1006108 1858 6507
1006898 1028 5035
1007490 1935 5523
1008012 571 7730
1008753 1415 4660
1009180 1088 9134
