100 97
44 3 0 0 0 0 0 0 0 0 0 0
44 3 0 0 0 0 0 0 0 0 0 0
16 45 0 0 0 0 0 0 0 0 0 0
44 3 0 0 0 0 0 0 0 0 0 0
44 3 0 0 0 0 0 0 0 0 0 0
44 3 0 0 0 0 0 0 0 0 0 0
16 45 0 0 0 0 0 0 0 0 0 0
44 3 0 0 0 0 0 0 0 0 0 0
44 3 0 0 0 0 0 0 0 0 0 0
16 45 0 0 0 0 0 0 0 0 0 0
16 45 0 0 0 0 0 0 0 0 0 0
44 3 0 0 0 0 0 0 0 0 0 0
44 3 0 0 0 0 0 0 0 0 0 0
44 3 0 0 0 0 0 0 0 0 0 0
16 45 0 0 0 0 0 0 0 0 0 0
44 3 0 0 0 0 0 0 0 0 0 0
44 3 0 0 0 0 0 0 0 0 0 0
44 3 0 0 0 0 0 0 0 0 0 0
44 3 0 0 0 0 0 0 0 0 0 0
16 45 0 0 0 0 0 0 0 0 0 0
44 3 0 0 0 0 0 0 0 0 0 0
16 45 0 0 0 0 0 0 0 0 0 0
16 45 0 0 0 0 0 0 0 0 0 0
16 45 0 0 0 0 0 0 0 0 0 0
44 3 0 0 0 0 0 0 0 0 0 0
16 45 0 0 0 0 0 0 0 0 0 0
44 3 0 0 0 0 0 0 0 0 0 0
16 45 0 0 0 0 0 0 0 0 0 0
44 3 0 0 0 0 0 0 0 0 0 0
16 45 0 0 0 0 0 0 0 0 0 0
16 45 0 0 0 0 0 0 0 0 0 0
44 3 0 0 0 0 0 0 0 0 0 0
16 45 0 0 0 0 0 0 0 0 0 0
44 3 0 0 0 0 0 0 0 0 0 0
44 3 0 0 0 0 0 0 0 0 0 0
16 45 0 0 0 0 0 0 0 0 0 0
44 3 0 0 0 0 0 0 0 0 0 0
16 45 0 0 0 0 0 0 0 0 0 0
16 45 0 0 0 0 0 0 0 0 0 0
44 3 0 0 0 0 0 0 0 0 0 0
44 3 0 0 0 0 0 0 0 0 0 0
44 3 0 0 0 0 0 0 0 0 0 0
44 3 0 0 0 0 0 0 0 0 0 0
16 45 0 0 0 0 0 0 0 0 0 0
44 3 0 0 0 0 0 0 0 0 0 0
44 3 0 0 0 0 0 0 0 0 0 0
44 3 0 0 0 0 0 0 0 0 0 0
44 3 0 0 0 0 0 0 0 0 0 0
44 3 0 0 0 0 0 0 0 0 0 0
16 45 0 0 0 0 0 0 0 0 0 0
0 0 0 0 0 0 44 3 0 0 0 0
0 0 0 0 0 0 16 45 0 0 0 0
0 0 0 0 0 0 44 3 0 0 0 0
0 0 0 0 0 0 44 3 0 0 0 0
0 0 0 0 0 0 16 45 0 0 0 0
0 0 0 0 0 0 44 3 0 0 0 0
0 0 0 0 0 0 16 45 0 0 0 0
0 0 0 0 0 0 16 45 0 0 0 0
0 0 0 0 0 0 16 45 0 0 0 0
0 0 0 0 0 0 44 3 0 0 0 0
0 0 0 0 0 0 16 45 0 0 0 0
0 0 0 0 0 0 16 45 0 0 0 0
0 0 0 0 0 0 16 45 0 0 0 0
0 0 0 0 0 0 16 45 0 0 0 0
0 0 0 0 0 0 16 45 0 0 0 0
0 0 0 0 0 0 44 3 0 0 0 0
0 0 0 0 0 0 16 45 0 0 0 0
0 0 0 0 0 0 16 45 0 0 0 0
0 0 0 0 0 0 44 3 0 0 0 0
0 0 0 0 0 0 44 3 0 0 0 0
0 0 0 0 0 0 16 45 0 0 0 0
0 0 0 0 0 0 44 3 0 0 0 0
0 0 0 0 0 0 16 45 0 0 0 0
0 0 0 0 0 0 16 45 0 0 0 0
0 0 0 0 0 0 44 3 0 0 0 0
0 0 0 0 0 0 44 3 0 0 0 0
0 0 0 0 0 0 44 3 0 0 0 0
0 0 0 0 0 0 16 45 0 0 0 0
0 0 0 0 0 0 16 45 0 0 0 0
0 0 0 0 0 0 16 45 0 0 0 0
0 0 0 0 0 0 16 45 0 0 0 0
0 0 0 0 0 0 16 45 0 0 0 0
0 0 0 0 0 0 16 45 0 0 0 0
0 0 0 0 0 0 16 45 0 0 0 0
0 0 0 0 0 0 16 45 0 0 0 0
0 0 0 0 0 0 16 45 0 0 0 0
0 0 0 0 0 0 16 45 0 0 0 0
0 0 0 0 0 0 16 45 0 0 0 0
0 0 0 0 0 0 16 45 0 0 0 0
0 0 0 0 0 0 44 3 0 0 0 0
0 0 0 0 0 0 44 3 0 0 0 0
0 0 0 0 0 0 44 3 0 0 0 0
0 0 0 0 0 0 16 45 0 0 0 0
0 0 0 0 0 0 44 3 0 0 0 0
0 0 0 0 0 0 16 45 0 0 0 0
0 0 0 0 0 0 44 3 0 0 0 0
0 0 0 0 0 0 44 3 0 0 0 0
0 0 0 0 0 0 16 45 0 0 0 0
0 0 0 0 0 0 44 3 0 0 0 0
0 0 0 0 0 0 44 3 0 0 0 0
21 30
