300 300
bababababababababababababababababababababababababababababababababababababababababababababababababababababababababababababababababababababababababababababababababababababababababababababababababababababababababababababababababbaaaaaaabbaaaaaaaaabaaaaaaabaaaaaaaaaaaaaaaaaaaabaaababaaaaaaaaaaaabaaaaaaa
59 297 37 240
31 265 15 237
100 300 24 278
46 297 24 273
61 297 37 258
46 285 10 230
57 296 21 270
92 294 16 216
98 299 4 300
26 268 16 239
44 279 38 285
4 262 2 277
96 299 54 255
3 215 1 234
40 257 4 292
90 294 22 265
18 223 6 230
71 294 17 274
25 241 9 236
51 272 29 254
62 272 52 267
88 298 50 253
85 292 31 259
24 261 20 297
66 295 26 231
79 299 5 232
34 251 18 284
57 280 25 292
62 273 2 270
19 256 9 237
49 280 37 283
58 282 16 246
23 237 11 223
13 225 9 286
68 281 36 238
30 244 6 268
70 273 54 275
25 284 5 272
32 235 26 231
47 272 25 256
71 292 19 280
97 297 57 263
45 290 15 270
43 256 15 237
56 300 52 281
15 270 3 206
49 254 47 292
50 286 46 278
34 289 26 290
94 299 12 255
41 259 19 260
41 293 27 272
35 273 25 295
7 218 5 255
27 277 5 242
43 281 31 268
5 243 1 238
48 252 44 287
25 293 3 296
14 243 12 270
87 291 41 249
70 280 22 275
79 290 3 208
76 294 52 271
47 280 37 237
86 288 6 269
83 293 57 296
45 291 37 261
13 227 9 273
88 296 72 299
48 261 8 215
100 300 84 296
21 259 15 220
24 274 22 284
57 276 21 270
14 259 10 219
82 285 32 279
18 287 12 261
3 206 1 239
19 246 15 288
52 290 44 251
83 286 13 244
10 239 4 244
8 244 6 255
67 296 3 203
73 293 25 287
17 298 3 289
52 294 40 242
66 271 30 297
27 288 21 241
58 267 54 278
69 290 1 282
40 296 14 235
48 264 38 285
8 230 2 262
96 296 24 257
65 280 5 289
79 279 65 284
72 299 50 267
64 277 40 248
24 255 6 254
85 294 81 286
47 252 27 289
14 278 2 276
46 296 32 282
99 300 93 295
59 266 11 297
43 243 21 225
22 251 4 269
88 291 66 276
28 287 4 250
55 277 49 270
79 296 51 260
27 263 11 220
82 293 42 291
67 292 21 281
83 283 27 238
43 293 31 273
29 249 23 247
47 269 43 252
54 284 2 266
44 291 20 243
54 258 4 211
56 280 24 298
76 299 58 269
8 242 2 237
96 296 16 264
46 274 18 283
42 273 40 246
57 260 41 294
56 274 50 255
47 278 19 294
15 247 9 278
16 232 10 241
67 285 61 277
42 277 28 299
97 298 31 276
79 291 61 283
45 280 41 289
8 225 2 244
7 277 5 236
75 296 55 268
61 298 3 289
32 258 18 240
27 228 23 239
98 299 68 271
79 283 53 299
60 268 32 281
3 232 1 234
49 269 3 225
79 300 75 287
28 231 12 296
62 287 58 298
56 277 10 233
31 291 7 286
47 250 23 287
43 272 13 237
91 299 27 295
82 296 8 217
22 298 20 279
90 296 16 228
88 290 66 293
46 288 34 279
37 241 3 299
31 290 17 238
62 268 2 294
75 278 5 250
75 278 29 275
58 287 42 267
24 273 14 217
14 289 12 278
5 207 3 263
49 266 35 291
37 248 27 290
62 275 2 231
63 282 7 236
24 274 10 212
76 300 48 288
15 254 13 297
78 296 72 283
45 265 21 235
92 296 50 271
30 295 14 240
60 271 40 264
40 257 38 298
22 242 2 226
88 291 66 277
54 288 10 293
19 299 11 270
69 286 41 267
53 278 17 247
19 265 5 231
15 262 13 242
29 251 3 210
61 284 7 269
90 298 32 236
48 282 32 235
7 224 3 227
87 296 41 254
53 284 19 259
4 258 2 296
9 285 1 230
52 272 24 225
62 281 48 300
8 231 6 279
24 243 14 298
14 286 8 298
37 262 11 246
9 250 5 244
85 299 7 255
53 271 39 256
68 274 8 256
81 293 59 270
100 300 50 292
51 282 11 279
76 287 30 245
87 287 19 242
20 273 8 222
41 296 33 270
12 236 10 281
8 232 2 270
15 300 11 235
20 266 10 234
51 290 43 263
75 285 47 269
67 298 3 270
8 251 2 230
66 266 50 298
59 285 39 267
39 260 27 278
63 278 47 290
35 298 3 243
10 238 2 215
30 280 24 243
21 274 5 292
100 300 66 294
84 284 46 264
100 300 82 287
75 277 37 243
67 275 37 264
40 248 20 283
58 291 34 254
33 297 19 233
97 298 15 229
32 293 20 247
10 247 2 249
72 291 64 296
42 248 22 224
30 270 24 236
48 299 6 253
38 256 36 250
41 276 31 237
4 210 2 243
87 290 59 290
82 291 76 293
93 295 81 294
81 290 59 267
77 277 21 288
66 296 4 224
36 283 20 262
97 298 61 297
60 285 22 233
43 268 33 255
15 240 11 256
35 249 33 290
56 286 20 292
88 293 2 284
83 284 15 228
86 300 16 298
97 299 81 291
29 263 13 275
12 265 2 212
31 292 9 212
29 234 11 260
50 280 24 284
33 292 25 283
49 262 19 271
11 211 9 257
10 225 6 246
49 262 27 248
44 268 30 272
39 255 23 251
95 295 59 278
88 296 34 238
78 289 6 259
82 290 12 287
31 300 13 270
7 299 5 279
80 294 10 220
98 300 2 266
63 274 5 288
28 270 14 234
30 278 16 249
14 227 8 289
72 281 38 292
68 280 32 277
37 259 31 251
47 274 11 286
11 261 5 248
23 263 1 219
