2010130767
3314303005
3735462892
1083534878
1822140350
3194221203
3192378640
1314605409
398496195
3438584175
1976122769
4111158200
1307426516
1369474677
1846159844
3156541158
2798701750
3072922852
2834397205
878624177
4138054956
1180079949
2962937804
3267915786
1279663457
3217117567
514237794
1420118390
354185459
1477070220
2067343432
1260485185
2064778616
2719229785
2715946013
1748577811
659798962
74089400
2140562355
1424136311
1106191862
632517114
3321269375
141598088
3606209982
1010034248
4062540540
1094947377
1036282438
4175391389
2662011091
2466902229
1796680687
237346813
1476878234
3077306897
982265789
3340212577
1442460703
2626880394
3967687028
4171987065
3658640480
2551580565
1695948966
1550063462
2312844749
1737141625
832564599
841999390
1982353398
315636441
431256395
2866767504
1718412201
3305688099
187621135
1669795598
2322207455
713763795
2369382377
75291786
3317201257
303201605
1366226036
67285105
802995200
682875659
501357358
2859482572
2493127584
3865838797
2938821527
3937868434
1618754753
599299032
609573381
3134108314
2481685231
1349441170
715376917
328971981
255143479
3132731522
523655051
898780917
591593911
3816026405
1993861303
1317036858
2390719038
4197884026
3316393112
1940150437
504711028
3941999873
1274929995
3818969438
2477857749
1715264072
2041955990
3388878054
257103092
1061375056
3344552702
2429926041
2224982681
3562202155
207043838
518754532
1373220312
4163918921
3295625687
435469531
4264001137
1652548118
2710473000
4227413501
3842234193
4179872701
1560545338
4174832532
134268988
3610539619
731029270
3738250286
2059651233
761885872
2816998831
3436303892
1667498235
251483851
1550188641
1684200992
833929926
2717140307
1678975233
2065751390
1100702387
932077534
1827348419
2874290305
2096777200
1630924317
1158258321
3259866431
2200733240
1550736754
2655197180
2629765255
243040479
2638880988
1006614414
30296788
872104564
2918550406
3906552876
1641881548
1814830090
2487043993
3645298864
59615696
1205236280
752818567
1813242366
3429031359
2577059788
2892539426
2976613757
2134391647
1444659210
952318470
1961954960
1307760146
827088210
1239867147
3398615409
2966153708
942577482
204769590
1932613524
3796264413
478722996
2212014813
3199701690
2921881553
2943172037
3980180310
3158262166
1277110052
1117975264
2407237122
2224252264
2700708486
1384494807
2201195149
4244232614
966595820
1412404009
2704310400
1572259678
3847638136
106559972
109249577
315645162
3574102262
819026021
862350609
4241664327
2600553520
3380872430
2932073432
1447340532
3889440318
1856794777
3702846635
2271635009
1026152558
3039762650
2085181293
2273654807
2217835842
2602689154
3757217040
1525647663
4077264134
259690502
4233708156
1589697455
2737733233
3426771913
3936121586
4153072998
2613428925
1048618339
2381436509
3374861707
270379231
2737918190
1399965225
1091593491
2977334000
2286924404
3190638160
3019156496
3717188275
3745031834
3188178720
1626436376
1009082879
3677822549
1252891980
2758924714
1757605743
2975910641
2075110676
3447251725
2069016040
1906686720
365525494
1785553385
1385529058
1321567631
115442250
3218900020
3363606128
669164876
687486262
3655397561
3259112747
3321799427
3186391931
331163356
977060558
1729040021
474219113
1934377485
424961074
2372147650
2380712844
2611098048
597104133
3969262999
1539968505
2063174518
1047813545
2088653327
334186482
2245538638
756603525
3989717412
1818991402
579490626
2838310005
3294867394
970611828
2837441834
924515492
562222137
100860984
4096060865
2779572267
612222373
2183443337
3795863800
580980353
672665297
433494343
4236737139
1272176994
2680767848
2566605345
197052435
3939956122
4064050229
1826609993
3709308453
114255699
20103345
3614224473
2417705567
2442574132
1019103022
1796949384
1730158323
2260869647
3371600058
3515010010
1104876420
3021267632
331621617
2814122447
3661752875
3753407479
448786746
348228173
3660862531
2303518299
3458422193
1699703663
2086322036
1200391137
1288988309
1530397107
1551005966
1930819537
923037713
2013493781
4209193922
333057960
3450232021
1608260852
1781286376
3826679560
1545176861
736393651
227619027
3531131042
2574425042
3327989831
484001832
2379393312
2990258938
2693571449
3729246574
1813575271
479842880
3764975368
1737799576
1133657645
2433293605
2827090201
2494169094
1280102390
2692007607
2290666268
505086054
4169430869
1160668373
2893907988
1710576980
666270398
117208952
3498454845
1190083079
1162688072
4167866923
297820782
3984072967
3778076511
1969693465
1477958446
2735197530
2653674440
280466588
212348035
2219352123
587521361
2286512253
3595342523
1108982699
752635372
142874356
3004264527
797139581
1234518301
3539331700
3640982487
128228348
3656065179
2156087748
4132085715
836083660
3334377859
543008502
676161094
2566363706
1861904990
447367017
3712552771
1737225422
3742681516
4079125805
3944081622
2309863691
1836144798
1151232326
2571996028
1605349371
3241547044
2357909652
2645506768
4167784372
2562701904
1818111556
3785678560
1902340889
107187089
1131737709
2383206991
2257656006
3725225233
4073884003
2182267124
647039761
2965592389
1894705026
31381150
86486143
3784410998
1474474701
2886492700
3526674947
642905901
413116505
1151913111
3493241596
2164171108
3516102921
4158415825
569963370
2300756193
2275811488
1123599887
2632658746
1641069703
4214971057
3217530126
1255093443
3529050011
3486028783
299405115
1443030182
183231644
2240265502
11106711
4009052464
3244249122
3957555803
1123287773
2194621206
1625362409
1957806863
2937793984
931701098
4148752297
2894399148
1801972962
3001249480
1331738941
979442573
2102092157
625345541
315556410
2468410099
926432876
22027571
4000637298
4272020547
3518611579
3620484738
98434362
1746169717
853689203
3393352825
1599379178
957656021
3843193122
3662962088
2612616813
2449198533
3593901060
4132567608
1042999888
1937408092
4041246433
2398437532
248600212
4000990
2619708033
257138595
3373300372
139026602
629270477
3765952209
3396346939
2773106554
1468813292
48564534
36312085
2172292761
2431384323
1588812522
741326463
3320551273
2804804268
1472597260
2787928735
1108629420
2234700937
2681224870
3640956740
548464950
1615259547
3947668222
1744216113
2479657539
4068415440
2681718220
2133477940
2001723544
820633339
1352381791
2166552945
163305652
1371123361
3586176934
3837821638
4035799270
2040417081
2289973176
204640194
988649373
60902309
2773108997
1892920782
3248381703
567685044
570840932
3403357634
1115960816
1545009476
3728720165
1370945302
3180344076
2641313537
1351755271
2321012570
2946496936
3291700296
402854128
2820704229
3140500615
503111005
3374675804
3847607987
2459076355
149261043
957288062
1060967022
2880997935
2233214684
2988395247
3938986202
300573550
856698657
2902845456
873259488
2784145684
3404902209
2526649960
1389734036
3579601827
577834225
866219298
3269056772
911773488
3679803717
1454438532
1128829985
3815456500
2172440679
4097803254
1122977501
3621561101
1690018943
1336794339
3595672134
1917165760
203820876
2792644420
1296897052
617852020
1881692098
1764716324
4116170161
3242961602
229554940
2210134061
3297518571
2410023880
3560467962
2319077942
4276910368
910845847
692613180
2489842370
2904441655
3255037613
3682686088
1474166518
2886641176
1176137593
2305828586
1196098619
844881470
3408923914
1784156018
3362282845
3068814030
1904193097
650309885
4145309631
4100150991
2077218314
1250636231
2411152619
899583287
1245443279
3572151706
3152409927
191755453
3066222912
2017848015
2531361224
2700420160
3986813989
1945865186
2725283765
1442159280
1019864173
4051328247
282449668
2839205280
1336587288
4060978750
3591526629
2345442022
1018816827
2202369190
2178992821
4112071154
1142070422
547370342
3590265859
3414467511
59005847
456357164
1083195196
298846298
2759229253
517933410
2138921822
2916007964
1572644595
3831163960
2647718575
310585770
3119789258
3738048818
510101716
1961735086
1068821261
1058402615
2048590439
3761110516
448377036
4085596922
378304313
3091601870
1750044101
1620459385
1198781116
1840070474
469643744
4091754554
2360140238
1826184122
4262044664
1972411825
160214913
925543530
2379902402
3965678654
3195212486
3957187537
3085987610
1242861179
3056309821
364083866
2560147864
2389080005
1379308395
1948544554
2817554409
4230141772
2220560444
3528639490
2510627369
2622159499
3364895699
2982817917
2680986652
2321757460
315478403
2076326053
820085324
2219358439
305711975
3326601081
663950868
995523274
2362960468
4065288530
2813522499
3060200443
3108574953
1131827439
1413562229
478951521
20094333
3187602260
3925639151
861849305
301489093
647997904
55839075
1055019143
1929096921
1146421055
3074524863
1347098249
4058717926
451023716
3433907369
969520096
3575625885
1909561625
3332641605
425976131
2861147088
1325830233
3591903551
1949689986
2338854839
895123527
2202879025
2697088997
3400332897
3763313708
2618580633
35402637
1050251829
4069499226
2314740026
1252812548
352363734
1006690163
3159072277
3734561194
1167378645
3561209270
448153891
1783173703
2127984491
1207599004
3678017963
601588083
2303622942
3915421291
324331499
1007898047
3368962677
2612197474
182984862
3552552965
3474141691
2440101409
3403749022
2846097668
1445784830
3312340884
1365558786
3435310215
2608654991
2317734669
4169738477
1267808700
436732687
1149669198
2109359811
617011214
4093976079
2071464479
1785963709
2762823884
3901229501
2309154954
544117160
3608889169
706042310
4030096064
697311609
3336091909
1050440651
2075772728
2597038896
2277633130
4177283352
82620044
3112868141
1251040109
2455354721
923725839
827087014
1110977974
2751721530
1142463666
3459606930
925520861
1957588849
4126739202
2780367425
2160578938
316474477
3168238532
547845787
3934118355
1581384109
3400191315
1242805042
317748352
3507745068
1991489856
3733464074
123422479
2732170983
1151903166
3508160473
3694459635
1340283519
2204995560
436577006
2327516145
1594244823
406353826
900619615
3994634770
2416209524
1335178652
3578183958
2018799653
933980582
4120965475
2332084668
4036076921
1935927668
1075273821
597879299
3149840008
815983751
720809955
3285498451
889004120
2296142077
2139718111
2655387785
415753480
278774898
2497195262
985508033
700477963
3818366441
1425673901
1039809976
1159013836
1608448
191231410
978406778
728753904
2524107998
4158491907
1615392550
828429198
493720071
1805273728
1985257611
2419355415
539688088
1635314563
22918764
4203502667
1645591122
2681111085
2832668556
2849171832
1664089382
3578118277
1089518710
2140382334
4260457042
114423860
3372607548
3313842570
3086233617
2313046968
3741765474
3418262012
3591990288
91484188
2899002912
4256966522
2056884766
1404316943
3060471506
1425076930
3898353816
4127998908
2677617940
88726776
3704367910
1513907726
3007093628
2525851619
549848183
1406337080
2920803558
3160082073
3634862845
3099329409
3752335650
700270304
3407177924
2771353524
3133360996
3227441087
970845635
3582347009
2574258686
252398362
2493534800
116355279
909416466
3756141000
2689772753
2444186618
3774448368
2979968894
2002596960
1824448534
1111120300
2062764119
1877731446
185030934
3613799845
2511988388
1274359097
270732473
3663390870
1628105662
166224252
3661666151
541204426
3282357051
769780634
941675519
1678845276
694393800
425200626
4256914413
2477840502
1117090546
2450793634
1934751335
4176609656
1728190925
4183569562
1587651422
1681547986
3946704721
3840171587
3901455109
353171083
1384860473
1341873920
1372226631
2475638189
3383551188
2081809065
2220320588
1566593347
3813685612
2789641725
1272910069
2430264732
203233012
1625176442
1733745905
494763812
96783358
2065526453
2460623975
129218224
4150840735
3983486968
837101052
29763970
2822674055
2228223883
1671646042
172834027
3397029325
3217886567
1980405741
2950404844
293119318
3319387330
1573744317
3699483577
3948149533
2186625357
1995570595
971463017
2190836939
3295785595
412731423
2156954593
1144145605
3699824491
277501750
2637648901
2686850242
4255511589
2982354059
978116271
1902065738
3574456576
1507869851
1805128241
3680917285
1460249858
359890246
1798251694
1003053581
3931141574
1479264895
782801565
3386328508
2557138170
3917813563
2270900823
2839646833
2722323226
2075822142
3848517641
12450669
4276639275
142098230
3252966947
3132505948
79012310
1536480617
1332184727
385764714
1907538815
4048148186
26051733
2502312689
1827706678
1406952424
1482937737
1268672249
272619642
2308791704
739162761
1204268423
2941578919
1831496143
3567835333
2788488054
3806712269
1211259222
163024121
2743244871
3370645661
816231147
182239376
609676798
498217154
225916117
2245316930
2208687449
1461546304
2702339675
4218889101
21601394
3527536877
1048658679
2741460110
1153189783
4013266796
3106877654
721756552
3487171489
250046190
2878611592
3958599538
4036982771
927729413
2494908994
1282873352
2232380429
2662093983
2554947943
1674258676
3198585834
1740190076
4137091968
3319689249
3486991766
4216294510
1542441336
601619146
1042027976
2429956934
2701010478
941817885
3431544239
3444172061
4028235255
728835871
2107041318
536752279
1815785093
1002113289
3075158018
1615576957
3403081262
2709852550
2340257327
2392486672
4067257674
826487660
3390199222
3347232452
3646267897
3423353903
2937365624
835676348
4001879526
3212091840
1421126774
1663980309
2231740822
1673910900
2492905774
584004355
2027734314
3720285615
3387696730
2238899080
1900837972
775250347
887646421
1442697062
3189291324
1346673814
455244270
4290805550
3201632333
1811994998
1967216218
1215673042
4140153606
3560166489
791808220
479953497
1825884650
479822023
3962287459
4237238841
3242786546
851660214
3620901256
2403684432
3729222842
2663929139
562434797
1919649347
161518048
3319825274
3947025118
2718448721
999355604
2191058853
2940409668
1811096071
3317070525
2325102266
562999563
722004988
2186374302
3747368656
158549537
373162699
3236962068
3999267423
2516841624
3473530708
1679040968
234836077
1575959745
1193745321
3505828568
3111512024
2929225079
320161960
297131345
883284098
3882976832
2363023888
3284126786
1296709023
2158876662
1228121009
2963432286
3355263699
1896973367
1374386677
1746955191
1364399267
3457813326
662042875
948843203
2607637105
1852018108
4031301345
2454306958
3296941449
3182042899
657342323
4190280744
859209315
1722413227
3204416486
3824172700
40941103
829657710
890920431
3599627905
1816747566
2266041624
1060418382
1215446842
2436082137
1917104745
3823878975
3071391079
3258001624
2309792937
4064179142
2291959277
3659337153
2738259911
2342697655
2219878376
2279476393
2769802848
3143573369
379468026
2434525307
3649187754
3118724738
3610580849
2853136224
2505097387
3310095566
683710224
1969706043
2790803785
96832022
60890542
122084089
1070116490
2320419393
1948651897
4135987638
2332117310
3157928473
1037367671
1054554087
3170613325
2418215899
1656500797
3920185418
2225633385
2046740510
1117809082
3140700127
2952429566
3443844743
1422501476
271403025
3499644295
2259691903
2090264123
1533159856
4187223336
591113127
3310460318
491842614
1609171987
3971467365
3144058111
1552984025
1375476535
2860062701
1182835660
4010593755
1189021731
976383196
1599189596
1621705358
1375645205
3844857484
673811203
1044793825
1120195324
15322019
1814217393
2924049974
2177262312
792979062
1739080981
2852786091
1968061520
1590405841
23695913
1781689698
1498488106
1116140987
2990308186
1579942238
2423311561
3856733196
992591156
1273673836
3331202258
2395258201
3167910643
2376730342
3780723713
1478329828
3030882727
3828818156
3814829194
2395409570
1717848279
2946290387
449948713
1275836366
2683823483
1457928181
2390779859
3568238616
116155533
104492450
777749411
3622566287
955466005
3050182958
3536888219
1900357306
1274128127
2812319017
3673376285
2406677453
1947322626
3109389901
2263450744
3133031100
3819113178
191859880
1969902933
1794781639
2236959378
3672514683
691195593
1346563191
3151488546
1693247774
2390029116
4148254047
315530691
1638287510
1830683915
1435501978
3097797155
3777130669
3612637702
563003809
2836191472
969234280
