151
151151151
151
151
151151
151151151151151151151151151
151151
151151
151
151151151
151151
151
151151151
151151
151151151151151
151151
151151
151
151
151151151
151151151151
151
151
151
151151
151
151151
151151
151151151151151151
151
151151151
151
151151
151151
151
151
151
151
151
151
151
151
151
151151151151
151151151151151151
151151151151151151151151
151151151151
151
151151151151
151
151151151151
151151151
151
151151151151151151
151
151
151151151
151
151151
151
151151
151151151
151151151151
151151151
151
151
151
151
151
151
151
151151151151
151
151151
151151151151151
151
151151151
151
151151
151
151
151151151151151
151
151151151151151
151
151151151
151
151151
151
151151151151
151151
151
151151151151
151151
151
151
151151151
151
151
151
151151
151
151151151151151151
151151
151
151151
151151151151
151
151151151
151151
151151151
151151151151151151151151151151151151
151
151151
151151
151151151151151
151
151151
151151
151151151151151
151151151
151151
151151
151151
151
