1
32
2 1 a
3 2 b
4 1 b
5 3 b
6 3 a
7 6 c
8 2 a
9 6 c
10 1 c
11 8 c
12 1 a
13 7 b
14 10 c
15 11 b
16 9 a
17 16 b
18 3 b
19 14 b
20 3 c
21 5 c
22 21 c
23 16 b
24 22 b
25 12 b
26 10 a
27 18 c
28 25 b
29 5 a
30 8 b
31 21 a
32 5 b
95
2 1 26
1 33 c
1 34 b
33 35 b
1 36 a
33 37 c
1 38 c
36 39 b
36 40 c
35 41 c
36 42 c
33 43 a
36 44 b
38 45 a
33 46 a
34 47 b
43 48 c
46 49 c
47 50 a
50 51 b
1 52 c
47 53 c
48 54 b
47 55 b
53 56 a
56 57 a
3 cbab
1
3 bbacc
1
2 33 5
33 58 a
58 59 b
59 60 c
33 61 b
1
2 52 10
52 62 a
62 63 b
62 64 c
64 65 c
65 66 c
64 67 c
62 68 c
62 69 b
68 70 b
1
2 8 5
8 71 c
8 72 b
71 73 c
73 74 b
1
2 24 6
24 75 a
24 76 a
75 77 c
76 78 c
77 79 a
3 cba
1
2 25 9
25 80 b
80 81 b
25 82 b
25 83 a
81 84 a
83 85 b
85 86 a
82 87 b
3 ba
2 83 2
83 88 b
3 ccb
2 1 8
1 89 b
89 90 b
89 91 c
91 92 a
89 93 a
89 94 b
94 95 b
1
2 53 6
53 96 c
53 97 a
97 98 b
53 99 c
98 100 b
3 ab
1
2 3 2
3 101 c
1
1
1
1
3 acb
1
3 c
1
3 a
1
1
3 abacc
1
3 ccc
1
1
1
1
3 c
1
3 a
1
1
1
3 cb
1
3 acaa
1
3 cc
1
3 cbc
1
1
1
1
1
3 bacc
1
1
1
3 ac
1
1
3 caa
1
1
3 ba
1
1
1
3 a
1
1
3 b
1
1
3 a
1
1
3 acbc
1
3 a
1
1
1
3 cbbac
1
1
1
1
1
