20 42
10 3 5 2 1 1 1 1 20 14 2 2 7 1 17 3 11 15 3 3
727223392 818808843 -530386015 -57569583 -951042461 225869986 462607713 211827505 898389897 585005694 789462028 -433103527 694272344 -749995762 -587903766 545039147 677101433 772356653 -723730707 41072016
1 2
1 3
1 5
1 7
1 10
1 11
1 14
1 15
1 17
1 20
2 1
2 3
2 5
2 7
2 10
2 11
2 14
2 15
2 17
2 20
3 1
3 2
3 5
3 7
3 10
3 11
3 14
3 15
3 17
3 20
5 1
5 2
5 3
5 7
5 10
5 11
5 14
5 15
5 17
5 20
7 1
7 2
7 3
7 5
7 10
7 11
7 14
7 15
7 17
7 20
10 1
10 2
10 3
10 5
10 7
10 11
10 14
10 15
10 17
10 20
11 1
11 2
11 3
11 5
11 7
11 10
11 14
11 15
11 17
11 20
14 1
14 2
14 3
14 5
14 7
14 10
14 11
14 15
14 17
14 20
15 1
15 2
15 3
15 5
15 7
15 10
15 11
15 14
15 17
15 20
17 1
17 2
17 3
17 5
17 7
17 10
17 11
17 14
17 15
17 20
20 1
20 2
20 3
20 5
20 7
20 10
20 11
20 14
20 15
20 17