Peace
Peace
Peace
950 4102
950 4102
950 4102
950 4102
950 4102
589 18566
589 18566
589 18566
589 18566
589 18566
589 18566
589 23100
589 23100
377 23492
589 32802
589 32802
377 38076
377 38076
377 38076
356 55758
356 55758
356 55758
356 55758
356 69660
356 69660
356 69660
356 69660
356 69660
356 69660
356 72422
356 72422
356 72422
377 72422
377 72422
377 72422
377 72422
377 72422
377 72422
522 73104
522 73104
522 73104
522 84446
522 84446
522 84446
522 84446
522 84446
522 84446
522 84446
522 84446
522 84446
522 84446
522 84446
522 84446
522 74744
522 74744
419 80696
419 80696
419 80696
419 80696
419 80696
419 80696
377 80696
377 80696
377 80696
377 89306
377 89306
377 89306
377 89306
377 89306
377 89306
377 89306
377 89306
377 89306
419 89306
419 89306
419 89306
419 89306
419 91912
377 105532
419 105532
419 105532
419 105532
419 105532
450 114014
450 116436
451 116436
451 119576
485 124480
485 124480
485 124480
485 124480
485 124480
485 124480
485 139924
485 141820
485 154358
485 154358
